14 103104357 103104357 T/C 1
7 133475345 133475345 C/G 1
6 564140 564140 G/A 1
16 67188787 67188787 G/A 1
2 27132712 27132712 G/A 1
22 30525666 30525666 G/A 1
22 30532671 30532671 C/T 1
14 57219374 57219374 T/C 1
1 120176374 120176374 A/G 1
1 153984737 153984737 T/G 1
15 42529714 42529714 C/G 1
16 67189170 67189170 C/T 1
22 30460104 30460104 C/T 1
18 8609750 8609750 A/C 1
14 103106844 103106844 C/T 1
5 58617796 58617796 G/A 1
7 130555054 130555054 T/G 1
22 30494946 30494946 C/A 1
16 67186620 67186620 C/T 1
20 18526454 18526454 G/A 1
2 27133122 27133122 A/G 1
18 8635590 8635590 G/A 1
1 51976910 51976910 G/A 1
2 72465102 72465102 C/T 1
9 136476423 136476423 G/A 1
14 103102566 103102566 G/C 1
16 67184816 67184816 C/T 1
14 39074478 39074478 A/T 1
14 39040770 39040770 T/C 1
11 61920179 61920179 T/A 1
20 18554242 18554242 C/T 1
14 103107677 103107677 C/T 1
10 92948359 92948359 C/G 1
9 136474404 136474404 G/A 1
9 136468457 136468457 C/T 1
11 61902500 61902500 C/T 1
3 129260396 129260396 A/G 1
17 82658559 82658559 G/A 1
17 77209436 77209436 T/C 1
14 64950373 64950373 C/T 1
16 67186262 67186262 C/T 1
20 18524980 18524980 C/T 1
22 30491633 30491633 G/A 1
11 61907410 61907410 T/C 1
22 30525626 30525626 G/A 1
10 92952379 92952379 G/A 1
4 55858378 55858378 C/T 1
453877 453877 T/C 1
8 67200405 67200405 A/T 1
5 173146945 173146945 G/T 1
17 82658516 82658516 C/T 1
2 72179405 72179405 C/T 1
9 136456166 136456166 T/A 1
X 154439042 154439042 C/T 1
2 27131674 27131674 C/T 1
14 103107461 103107461 C/T 1
3 123225290 123225290 T/G 1
1 153982426 153982426 G/C 1
7 130547751 130547751 G/A 1
9 136475163 136475163 G/A 1
18 8638170 8638170 A/G 1
14 103102405 103102405 C/A 1
22 30468521 30468521 A/T 1
4 55871869 55871869 G/A 1
22 20859241 20859241 A/G 1
14 103100497 103100497 A/C 1
16 67187313 67187313 G/A 1
19 18197573 18197576 ATCT/A 1
22 30525665 30525665 C/T 1
1 108772761 108772761 G/A 1
9 136457553 136457553 G/A 1
9 127653794 127653794 C/T 1
14 57209662 57209662 A/G 1
22 30461607 30461607 C/T 1
6 556497 556497 G/A 1
1 51919974 51919974 G/A 1
22 30490217 30490217 G/A 1
4 55868459 55868459 A/T 1
9 136462960 136462960 G/A 1
6 592486 592486 T/C 1
9 136466359 136466359 G/A 1
5 453969 453969 C/T 1
14 103102720 103102720 G/A 1
22 30407134 30407134 A/G 1
11 61904642 61904642 C/T 1
14 103130086 103130086 G/A 1
14 103133365 103133365 C/T 1
3 129260362 129260362 G/T 1
16 67187816 67187816 G/T 1
2 27134303 27134303 C/T 1
14 64948678 64948678 T/C 1
20 18543155 18543155 C/T 1
14 103102469 103102469 T/A 1
14 57233771 57233771 A/G 1
3 129271854 129271854 C/T 1
22 30503758 30503758 C/T 1
7 133275107 133275107 C/G 1
6 564657 564657 C/T 1
18 8636322 8636322 A/G 1
7 130610978 130610978 G/A 1
22 30525861 30525861 T/G 1
14 57232673 57232673 T/C 1
9 136459178 136459178 C/T 1
