14 103104357 103104357 T/C 1
9 136459756 136459756 C/T 1
2 27132712 27132712 G/A 1
14 57219374 57219374 T/C 1
15 42529714 42529714 C/G 1
16 67189170 67189170 C/T 1
22 30460104 30460104 C/T 1
14 103106844 103106844 C/T 1
7 130554732 130554732 A/G 1
2 27133122 27133122 A/G 1
10 92934136 92934136 A/G 1
16 67184816 67184816 C/T 1
3 10301379 10301379 G/A 1
14 103107677 103107677 C/T 1
3 129254751 129254751 G/A 1
14 64950373 64950373 C/T 1
12 69801726 69801727 GT/G 1
10 92952379 92952379 G/A 1
11 61904754 61904754 C/T 1
15 42505117 42505117 T/C 1
17 82658516 82658516 C/T 1
22 30468963 30468963 G/A 1
22 30470555 30470556 GA/G 1
9 136456166 136456166 T/A 1
X 154439042 154439042 C/T 1
2 27131674 27131674 C/T 1
3 123225290 123225290 T/G 1
22 30503754 30503754 T/A 1
22 30468521 30468521 A/T 1
1 108759220 108759224 TTAAG/T 1
9 127653794 127653794 C/T 1
14 57209662 57209662 A/G 1
22 30461607 30461607 C/T 1
9 127678424 127678424 C/T 1
22 30490217 30490217 G/A 1
20 18524432 18524432 G/T 1
22 30407134 30407134 A/G 1
2 27134303 27134303 C/T 1
5 58851156 58851156 T/C 1
14 64948678 64948678 T/C 1
1 153982384 153982384 A/G 1
14 57233771 57233771 A/G 1
14 103103977 103103978 CG/C 1
22 30503758 30503758 C/T 1
22 30471904 30471904 C/T 1
7 133484034 133484034 T/C 1
14 57232673 57232673 T/C 1
