6 489041 489045 G/GAAAC 1
22 30462123 30462124 AG/A 1
20 49025307 49025307 C/G 1
5 454027 454027 C/T 1
14 57233864 57233864 T/G 1
14 103107426 103107426 G/A 1
6 599225 599225 C/T 1
14 103131728 103131728 A/G 1
14 103110063 103110063 G/A 1
15 63255553 63255553 A/G 1
22 30407134 30407134 A/G 1
12 69755464 69755464 C/T 1
14 103105005 103105005 T/C 1
17 77216543 77216543 T/C 1
15 63244819 63244819 A/G 1
18 59139977 59139977 A/G 1
14 103108392 103108392 G/A 1
3 10301378 10301378 C/T 1
17 77206725 77206725 C/T 1
14 103108495 103108495 A/G 1
20 10293240 10293247 AGGAAAAT/A 1
14 39063414 39063414 C/T 1
14 103104263 103104263 C/G 1
17 77191289 77191289 A/G 1
2 27131762 27131762 G/A 1
12 69779186 69779186 G/A 1
1 108753152 108753152 T/C 1
9 136448422 136448423 C/CA 1
14 103130008 103130008 G/A 1
16 67184897 67184897 C/A 1
20 10293158 10293158 C/G 1
12 69801720 69801720 A/C 1
6 497429 497437 A/AAACTGCTT 1
14 57235705 57235705 A/G 1
2 27133651 27133651 G/A 1
9 127653794 127653794 C/T 1
10 92934375 92934375 A/G 1
2 72559525 72559525 C/A 1
19 47489759 47489759 T/C 1
22 30495309 30495309 T/C 1
22 30503754 30503754 T/A 1
9 127613269 127613269 G/C 1
7 130668624 130668624 G/T 1
15 42528323 42528323 T/A 1
22 30460104 30460104 C/T 1
22 30529353 30529353 C/A 1
14 103127253 103127253 G/A 1
16 67186323 67186323 G/T 1
5 465732 465732 C/A 1
22 30460044 30460044 C/G 1
