4 56744153 56744153 A/G 1
16 89718050 89718050 G/A 1
9 37357099 37357099 A/G 1
17 489555 489555 T/G 1
17 600705 600705 G/A 1
3 47451707 47451707 G/A 1
2 69754404 69754404 C/T 1
12 123355475 123355475 A/G 1
3 47452013 47452013 T/C 1
17 61841466 61841466 A/G 1
12 56525345 56525345 C/T 1
12 56531039 56531039 C/T 1
17 15909805 15909805 C/T 1
7 133261455 133261455 A/G 1
12 56349289 56349289 G/A 1
12 64875680 64875680 A/G 1
2 55252401 55252401 G/A 1
7 128432391 128432391 C/G 1
6 499662 499662 T/G 1
6 553913 553913 C/G 1
1 35653657 35653657 T/A 1
5 453659 453659 C/T 1
15 91021034 91021034 A/G 1
3 122289495 122289495 C/T 1
4 56750011 56750011 G/A 1
9 26913930 26913930 A/G 1
11 111851499 111851499 G/A 1
2 55276946 55276946 G/A 1
15 91034747 91034747 A/C 1
5 272886 272886 C/G 1
10 115922609 115922609 G/A 1
2 130951625 130951625 G/A 1
16 69973777 69973777 C/G 1
8 17125831 17125831 C/T 1
8 87393798 87393798 G/A 1
12 56351764 56351764 G/A 1
2 149806906 149806906 A/G 1
1 52822081 52822081 G/C 1
2 132237750 132237750 G/A 1
19 40875831 40875831 G/A 1
2 74058072 74058072 A/G 1
2 72707795 72707795 G/A 1
17 423105 423105 G/T 1
14 24681777 24681777 T/G 1
2 74089381 74089381 C/T 1
18 61066508 61066508 A/G 1
14 57699404 57699404 G/T 1
14 57699405 57699405 A/T 1
11 111864241 111864241 C/T 1
