14 103597432 103597432 C/A 1
4 56744153 56744153 A/G 1
9 139371940 139371940 G/A 1
22 30805445 30805445 G/A 1
1 153957254 153957254 A/C 1
7 133261455 133261455 A/G 1
22 30803128 30803128 C/T 1
22 30934826 30934826 G/A 1
11 61675609 61675609 C/T 1
6 499662 499662 T/G 1
6 553913 553913 C/G 1
5 453659 453659 C/T 1
4 56750011 56750011 G/A 1
14 65438716 65438716 G/C 1
1 52385675 52385675 G/A 1
20 18505093 18505093 C/T 1
14 39560811 39560811 A/G 1
17 80617509 80617509 C/T 1
18 56822945 56822945 A/C 1
22 30856031 30856031 C/G 1
22 30811751 30811751 A/G 1
14 103573867 103573867 G/A 1
14 39545203 39545203 G/A 1
2 72707795 72707795 G/A 1
19 47996740 47996740 G/A 1
20 47602134 47602134 A/G 1
14 57699404 57699404 G/T 1
14 57699405 57699405 A/T 1
12 70195491 70195491 G/A 1
