X 133692502 133692502 A/G 1
X 54470182 54470182 G/A 1
X 54495348 54495348 C/G 1
X 48512617 48512617 G/A 1
12 42484044 42484049 AAAAAG/A 1
9 91724819 91724819 C/T 1
14 91294186 91294186 G/C 1
22 46464193 46464193 C/T 1
X 54468858 54468858 C/G 1
X 54449765 54449765 G/T 1
9 91723689 91723689 G/C 1
1 115664144 115664144 C/G 1
10 121593784 121593784 C/T 1
22 46382032 46382032 G/A 1
6 39856354 39856354 G/A 1
12 42484047 42484049 AAG/A 1
12 42484049 42484052 GTAA/G 1
X 54446215 54446215 G/A 1
X 54448928 54448928 C/T 1
X 133536296 133536300 GTCAA/G 1
X 48509560 48509560 C/A 1
8 38428408 38428408 T/G 1
17 64571939 64571939 T/C 1
17 80389371 80389371 G/T 1
8 86452576 86452576 G/A 1
17 80346445 80346445 C/T 1
6 39879368 39879368 T/G 1
12 42484048 42484049 AG/A 1
12 42484054 42484055 CA/C 1
11 86951990 86951990 T/C 1
1 160416081 160416081 C/T 1
X 133753688 133753688 C/T 1
X 54470441 54470441 C/T 1
1 64142603 64142603 C/A 1
18 21039464 21039464 A/G 1
11 68426037 68426037 C/T 1
1 245685973 245685973 C/G 1
9 20414375 20414378 GCTA/G 1
17 64545942 64545942 T/C 1
17 82239995 82239995 C/T 1
14 59360870 59360870 T/C 1
3 134209754 134209754 A/T 1
8 38423175 38423175 G/A 1
14 59368674 59368674 C/G 1
8 86398593 86398593 A/G 1
2 218882358 218882358 G/A 1
8 93808834 93808834 T/C 1
9 91717310 91717310 G/A 1
4 153788369 153788369 G/C 1
6 107904704 107904704 T/C 1
17 58357951 58357951 G/A 1
12 42484046 42484049 AAAG/A 1
8 93754969 93754969 G/T 1
10 97771527 97771527 C/T 1
8 93816406 93816406 A/G 1
1 112509278 112509278 G/A 1
17 80339897 80339897 G/A 1
6 39897231 39897231 T/C 1
X 54446266 54446266 C/T 1
8 28563271 28563271 G/A 1
22 46399845 46399845 C/T 1
17 58357806 58357806 C/G 1
3 48656690 48656690 C/T 1
X 54471400 54471400 C/T 1
X 54470161 54470161 C/G 1
12 42484053 42484055 CCA/C 1
X 133324426 133324426 C/T 1
X 54495314 54495314 G/A 1
X 48512500 48512500 G/A 1
X 133985278 133985278 G/A 1
17 7226091 7226091 G/A 1
4 153788607 153788607 C/T 1
9 91722586 91722586 A/G 1
20 34413871 34413871 G/A 1
4 153788726 153788726 C/T 1
X 133699914 133699914 T/C 1
4 1806664 1806664 G/A 1
X 54449214 54449214 T/C 1
20 478765 478770 C/CAAAAA 1
11 68438443 68438443 C/G 1
X 133324336 133324336 G/A 1
X 54448973 54448973 G/T 1
X 133699983 133699983 C/A 1
6 39901832 39901832 G/A 1
1 245686170 245686170 A/G 1
6 39900192 39900192 A/G 1
6 39901809 39901809 G/A 1
17 80349770 80349770 A/G 1
3 160268535 160268535 C/G 1
X 133753590 133753590 A/T 1
17 80383062 80383062 G/C 1
10 97771496 97771496 G/A 1
1 112520385 112520385 G/A 1
2 218873377 218873377 C/T 1
17 58358038 58358038 G/T 1
1 245687941 245687941 A/G 1
8 93799758 93799758 G/A 1
14 59338405 59338405 C/G 1
17 58207213 58207213 G/A 1
22 46463754 46463754 C/T 1
12 112477951 112477951 G/A 1
10 97767530 97767530 G/A 1
1 160420494 160420494 A/G 1
8 86448474 86448474 A/G 1
3 48656362 48656362 T/C 1
X 133753670 133753670 T/C 1
X 54455710 54455710 A/C 1
1 245687343 245687343 C/T 1
1 245698121 245698121 G/A 1
1 245686303 245686303 C/T 1
X 48520384 48520384 A/C 1
2 55295296 55295296 G/A 1
14 91281505 91281505 G/C 1
22 46439195 46439195 G/A 1
X 133700027 133700027 A/G 1
8 38413737 38413737 G/A 1
X 133311363 133311363 G/A 1
X 48520453 48520453 A/G 1
14 91272785 91272785 C/G 1
4 1804435 1804435 C/T 1
9 91737508 91737508 G/C 1
X 133324147 133324147 C/T 1
3 160277355 160277355 G/A 1
3 64160019 64160019 C/T 1
22 46536768 46536768 C/A 1
12 112477975 112477975 G/A 1
17 58216714 58216714 G/C 1
1 179108334 179108334 A/T 1
16 23689232 23689232 C/T 1
14 91273625 91273625 A/G 1
1 245686320 245686320 G/A 1
1 245684391 245684391 C/T 1
1 245688148 245688148 G/C 1
3 64147708 64147708 A/G 1
14 58646533 58646533 G/A 1
17 58206146 58206146 C/T 1
19 48865547 48865547 C/T 1
6 39868896 39868896 C/T 1
7 99033030 99033030 T/C 1
17 80371944 80371944 G/T 1
12 42484045 42484049 AAAAG/A 1
17 80344691 80344691 C/T 1
2 207768285 207768285 C/T 1
3 48638240 48638240 C/T 1
10 97771392 97771392 C/A 1
10 97771396 97771396 C/G 1
X 133303344 133303344 G/A 1
17 7227195 7227195 T/C 1
X 133753918 133753918 C/T 1
9 91724885 91724885 C/T 1
X 133596451 133596451 C/T 1
1 179110827 179110827 T/C 1
3 48660801 48660801 C/A 1
17 82266874 82266874 C/A 1
X 133754156 133754156 G/A 1
17 58358220 58358220 C/T 1
19 48841160 48841160 C/G 1
1 245611881 245611881 A/G 1
5 138084237 138084237 C/G 1
6 107912708 107912708 G/A 1
1 1336282 1336282 C/T 1
5 172382111 172382111 G/A 1
5 172382124 172382124 G/C 1
9 20414312 20414342 A/ACTGCTGCTGCTGCTGCTGCTGCTGCTGCTG 1
8 86398359 86398359 C/A 1
19 48837525 48837525 G/C 1
X 133303222 133303222 A/G 1
1 245688361 245688361 C/T 1
X 133953042 133953042 G/C 1
17 80319395 80319395 C/T 1
17 80371889 80371901 AGATTATATTCAG/A 1
22 29049627 29049627 G/C 1
1 112517301 112517301 C/T 1
17 80375772 80375772 C/T 1
22 45975541 45975541 C/T 1
6 43143462 43143462 C/G 1
18 9887699 9887699 C/A 1
3 48646091 48646091 G/A 1
22 46397724 46397724 T/C 1
