X 133692502 133692502 A/G 1
12 42484044 42484049 AAAAAG/A 1
X 54449765 54449765 G/T 1
12 42484047 42484049 AAG/A 1
12 42484049 42484052 GTAA/G 1
X 133536296 133536300 GTCAA/G 1
X 48509560 48509560 C/A 1
17 80389371 80389371 G/T 1
12 42484048 42484049 AG/A 1
12 42484054 42484055 CA/C 1
18 21039464 21039464 A/G 1
14 59360870 59360870 T/C 1
8 38423175 38423175 G/A 1
8 93808834 93808834 T/C 1
12 42484046 42484049 AAAG/A 1
8 28563271 28563271 G/A 1
3 48656690 48656690 C/T 1
12 42484053 42484055 CCA/C 1
9 91722586 91722586 A/G 1
20 478765 478770 C/CAAAAA 1
11 68438443 68438443 C/G 1
X 54448973 54448973 G/T 1
6 39901809 39901809 G/A 1
17 80349770 80349770 A/G 1
3 160268535 160268535 C/G 1
2 218873377 218873377 C/T 1
8 93799758 93799758 G/A 1
X 133700027 133700027 A/G 1
X 133324147 133324147 C/T 1
16 23689232 23689232 C/T 1
3 64147708 64147708 A/G 1
7 99033030 99033030 T/C 1
12 42484045 42484049 AAAAG/A 1
3 48638240 48638240 C/T 1
10 97771392 97771392 C/A 1
X 133303344 133303344 G/A 1
6 107912708 107912708 G/A 1
X 133953042 133953042 G/C 1
22 45975541 45975541 C/T 1
3 48646091 48646091 G/A 1
