17 80307128 80307128 G/T 1
17 80349912 80349921 G/GTTCCCTGCC 1
17 80278917 80278917 C/T 1
17 80376962 80376962 C/G 1
8 93787845 93787845 G/A 1
8 93799746 93799762 T/TGGAATTATACAGGTAA 1
8 93803674 93803685 CTATGAGTAATG/C 1
8 93803687 93803687 A/G 1
8 93803688 93803688 A/G 1
17 58212983 58212983 T/C 1
17 58218727 58218727 A/G 1
12 42484046 42484046 A/G 1
12 42484046 42484050 AAAGT/A 1
12 42484047 42484047 A/T 1
12 42484049 42484049 G/A 1
12 42484050 42484050 T/C 1
17 7229451 7229451 T/C 1
17 7230281 7230281 T/A 1
7 37909680 37909680 C/T 1
7 37914373 37914373 C/T 1
17 80360054 80360055 A/AT 1
17 80390200 80390200 T/A 1
17 80349770 80349770 A/G 1
17 80351683 80351683 A/G 1
3 48640298 48640299 A/AG 1
3 48640309 48640313 AACAG/A 1
17 58206552 58206552 G/A 1
17 58214733 58214733 G/A 1
