22 46410488 46410488 G/A 1
22 46536135 46536135 T/A 1
19 48847985 48847985 A/G 1
19 48861429 48861429 G/A 1
9 91723689 91723689 G/C 1
9 91724209 91724209 G/A 1
14 91273625 91273625 A/G 1
14 91313561 91313561 T/C 1
7 37914239 37914239 G/A 1
7 37916183 37916183 A/G 1
22 46396653 46396653 T/G 1
22 46533941 46533941 G/A 1
6 89603105 89603105 G/A 1
6 89629193 89629193 G/C 1
3 48642809 48642809 C/T 1
3 48647858 48647858 C/T 1
17 80339529 80339529 C/T 1
17 80344886 80344886 A/G 1
17 80339481 80339481 C/A 1
22 46397724 46397724 T/C 1
22 46439238 46439238 C/T 1
17 80307128 80307128 G/T 1
17 80334117 80334117 G/A 1
17 80339612 80339612 G/A 1
17 80379678 80379678 T/C 1
22 46433446 46433446 T/C 1
22 46536719 46536719 G/A 1
14 91313754 91313754 C/T 1
17 80294865 80294865 C/A 1
17 80345810 80345810 C/T 1
14 91273461 91273461 C/T 1
14 91313687 91313687 C/T 1
14 91297376 91297376 G/A 1
14 91313273 91313282 ACCTGCTGCC/A 1
17 80289744 80289744 A/G 1
17 80332150 80332150 C/T 1
1 245367018 245367018 C/T 1
1 245686336 245686336 C/A 1
14 91289281 91289281 G/A 1
14 91313214 91313217 CCTT/C 1
14 91273416 91273416 C/T 1
14 91281483 91281483 A/G 1
14 91313938 91313938 C/G 1
6 39867521 39867521 G/A 1
6 39878485 39878485 G/A 1
6 39888713 39888713 A/G 1
3 48642998 48642998 G/A 1
3 48645092 48645092 G/A 1
1 245156424 245156424 C/G 1
1 245156558 245156558 G/A 1
14 91273599 91273599 C/T 1
14 91314101 91314101 G/A 1
4 1804968 1804968 C/T 1
4 1806663 1806663 C/T 1
18 9886769 9886769 G/A 1
18 9887503 9887503 G/C 1
6 43129207 43129207 C/T 1
6 43132636 43132636 G/A 1
16 53645665 53645665 A/T 1
16 53686569 53686569 C/T 1
22 46534002 46534002 G/A 1
22 46534692 46534692 C/T 1
17 80287950 80287950 C/A 1
17 80288179 80288179 T/A 1
6 39897231 39897231 T/C 1
17 44557720 44557726 T/TGATGCC 1
17 44557726 44557726 C/T 1
8 93754939 93754939 G/A 1
8 93782407 93782407 A/G 1
3 48639710 48639710 G/A 1
17 80346955 80346955 G/A 1
17 80369524 80369524 C/T 1
17 80347168 80347168 C/T 1
17 80373050 80373050 G/A 1
3 48645795 48645795 G/A 1
3 48646241 48646241 C/T 1
8 86380751 86380754 AAAG/A 1
8 86402111 86402111 A/G 1
14 91313507 91313507 C/T 1
17 80369662 80369662 G/A 1
17 80373040 80373040 G/A 1
14 91272806 91272806 G/A 1
17 80393361 80393361 G/A 1
17 80298371 80298371 C/T 1
17 80376356 80376356 A/G 1
22 46366404 46366404 G/A 1
22 46536597 46536597 C/T 1
17 80344723 80344723 G/A 1
17 80389295 80389295 T/A 1
22 46384549 46384549 C/T 1
22 46534416 46534416 G/A 1
17 58207764 58207764 A/C 1
17 58207872 58207872 A/G 1
1 245686864 245686864 C/T 1
1 245687211 245687211 C/G 1
1 245698957 245698957 C/T 1
1 245688139 245688139 C/G 1
1 245702582 245702582 C/A 1
19 48861438 48861438 C/T 1
19 48865595 48865595 C/T 1
14 58645986 58645986 A/C 1
14 58646247 58646247 A/T 1
9 91724824 91724824 G/A 1
22 46463854 46463854 C/T 1
17 80288020 80288020 C/T 1
17 80386802 80386802 A/G 1
8 38415948 38415948 C/A 1
8 38428372 38428372 G/C 1
17 58212983 58212983 T/C 1
17 58218727 58218727 A/G 1
3 48645807 48645807 G/A 1
3 48660390 48660390 C/T 1
17 80349770 80349770 A/G 1
22 46367072 46367072 C/T 1
22 46398619 46398619 C/A 1
17 80358422 80358422 T/C 1
17 58216137 58216137 C/T 1
17 58216714 58216714 G/C 1
17 80288107 80288107 C/T 1
17 80351767 80351767 G/C 1
14 91290999 91290999 T/G 1
14 91272785 91272785 C/G 1
17 80291822 80291822 C/T 1
17 80306458 80306458 T/G 1
12 48979627 48979627 T/A 1
12 48981281 48981281 G/C 1
22 46464027 46464027 C/T 1
22 46464052 46464052 G/C 1
1 245686395 245686395 A/C 1
1 245688642 245688642 G/A 1
6 39878240 39878240 C/G 1
6 39902024 39902024 G/A 1
6 39856354 39856354 G/A 1
6 39902022 39902022 C/G 1
1 1338305 1338305 C/G 1
1 1342068 1342068 G/A 1
3 48642877 48642877 C/A 1
3 48653147 48653147 G/A 1
17 58358653 58358653 A/G 1
17 58362576 58362576 G/A 1
17 80319419 80319419 A/T 1
17 80364441 80364441 G/C 1
17 80376316 80376316 A/G 1
17 80383027 80383027 A/G 1
17 80386346 80386346 G/C 1
17 80386393 80386393 G/A 1
2 182838503 182838503 C/G 1
2 182838584 182838584 T/C 1
17 80290664 80290667 AGAG/A 1
17 80347744 80347744 C/T 1
17 80278891 80278891 C/T 1
17 80368067 80368067 T/C 1
3 48656240 48656240 C/G 1
3 48659684 48659684 G/A 1
17 80332269 80332269 G/A 1
9 91724760 91724760 A/C 1
9 91726689 91726689 G/A 1
9 91730988 91730988 C/T 1
5 172338878 172338878 C/T 1
5 172338977 172338977 G/C 1
5 172339111 172339111 T/C 1
1 1338410 1338410 T/C 1
1 1339322 1339322 G/A 1
4 1805834 1805837 ACTC/A 1
4 1806664 1806664 G/A 1
17 80371930 80371930 C/T 1
17 80380875 80380875 C/T 1
3 119843267 119843267 T/C 1
3 119863560 119863560 G/A 1
17 80313119 80313119 C/G 1
14 91297463 91297463 C/A 1
14 91359660 91359660 C/T 1
22 46367073 46367073 G/C 1
22 46382024 46382024 G/A 1
20 34413871 34413871 G/A 1
20 34417189 34417189 C/T 1
17 58206373 58206373 T/C 1
17 58213801 58213801 A/C 1
8 93758526 93758526 G/A 1
8 93808898 93808898 T/C 1
9 20414375 20414378 GCTA/G 1
9 20414378 20414381 A/ACTG 1
17 80334258 80334258 G/A 1
17 80373061 80373061 G/T 1
22 46534400 46534400 T/C 1
1 245686596 245686596 G/A 1
1 245687686 245687686 C/T 1
6 39870391 39870391 A/G 1
6 39901459 39901459 G/T 1
6 39891639 39891639 A/G 1
18 20984409 20984409 T/C 1
18 21110904 21110904 T/C 1
11 68409930 68409930 T/C 1
11 68429634 68429634 G/A 1
14 91278116 91278116 T/C 1
14 91325981 91325981 G/A 1
12 12181099 12181099 G/C 1
12 12187015 12187015 T/C 1
17 58214759 58214759 C/T 1
17 58208514 58208514 A/G 1
3 48644264 48644264 C/T 1
3 48655117 48655117 C/G 1
22 29049459 29049459 C/G 1
22 29050108 29050108 C/T 1
17 80371962 80371962 A/G 1
14 91313204 91313204 G/A 1
14 91338082 91338082 C/A 1
17 80288236 80288236 G/A 1
17 80334159 80334159 C/T 1
14 91272686 91272686 G/A 1
14 91285820 91285820 C/G 1
14 91321228 91321228 C/A 1
14 91309905 91309905 G/A 1
2 55295296 55295296 G/A 1
2 55334533 55334533 A/G 1
17 80340345 80340345 G/A 1
11 68426037 68426037 C/T 1
11 68446497 68446497 A/G 1
17 80374506 80374506 G/A 1
9 91724099 91724099 G/A 1
9 91724905 91724905 C/T 1
5 39376685 39376685 T/A 1
5 39376910 39376910 G/T 1
5 39383174 39383174 G/T 1
14 91289162 91289162 C/T 1
19 48837515 48837515 C/G 1
19 48841225 48841225 C/T 1
9 91733328 91733328 C/T 1
22 46364519 46364519 C/G 1
22 46390444 46390444 G/C 1
17 58206152 58206152 C/T 1
17 58207954 58207954 C/T 1
17 80369554 80369554 G/A 1
12 12147465 12147465 C/T 1
12 12184036 12184036 T/C 1
16 53652657 53652657 G/A 1
16 53652879 53652879 C/T 1
17 80345995 80345995 G/A 1
17 80371944 80371944 G/T 1
11 68357679 68357679 C/T 1
11 68423568 68423568 G/A 1
22 46382039 46382039 G/T 1
22 46534421 46534421 G/A 1
17 80385607 80385607 C/T 1
17 80339897 80339897 G/A 1
17 80345189 80345189 G/C 1
1 1339331 1339331 C/G 1
1 1341752 1341752 G/T 1
17 80319395 80319395 C/T 1
17 80345314 80345314 A/G 1
17 80373065 80373065 G/A 1
14 91277938 91277938 C/T 1
11 68357673 68357673 G/A 1
11 68425268 68425268 C/T 1
17 80319451 80319451 C/T 1
17 80373122 80373122 G/A 1
1 245602713 245602713 A/G 1
3 48641380 48641380 G/C 1
3 48655092 48655092 A/G 1
1 245367144 245367144 G/T 1
1 245609362 245609362 G/T 1
17 80347308 80347308 T/G 1
17 80373083 80373083 G/A 1
16 53638360 53638360 G/A 1
16 53638393 53638396 CAGG/C 1
1 245367281 245367281 A/C 1
1 245686321 245686321 T/A 1
17 80298434 80298434 A/G 1
19 48859645 48859645 C/G 1
17 80306388 80306388 C/T 1
17 80385146 80385146 A/C 1
17 80383905 80383905 A/G 1
4 1803746 1803746 G/A 1
4 1807255 1807255 G/A 1
3 48660806 48660806 A/T 1
10 121496621 121496621 G/A 1
10 121538410 121538410 C/T 1
22 46394161 46394161 T/C 1
3 48640425 48640425 C/G 1
3 48659261 48659261 G/A 1
22 46365619 46365619 A/T 1
22 46463860 46463860 T/C 1
22 46410506 46410506 C/A 1
22 46433452 46433452 C/A 1
12 12203236 12203236 A/G 1
14 91289129 91289129 C/T 1
14 91294309 91294309 G/A 1
17 80343984 80343984 C/T 1
6 39856347 39856347 C/G 1
17 80294980 80294980 G/A 1
17 80369650 80369650 C/T 1
17 80347021 80347021 C/T 1
17 80376472 80376472 G/A 1
1 245688438 245688438 C/T 1
1 245688454 245688454 G/T 1
14 91313549 91313549 C/T 1
14 91339918 91339918 C/T 1
3 48639862 48639862 T/G 1
3 48659672 48659672 C/T 1
3 48651400 48651400 C/T 1
3 48661490 48661490 C/T 1
17 80363122 80363122 G/T 1
12 12125297 12125297 G/T 1
12 12138405 12138405 T/G 1
17 80346305 80346305 T/C 1
17 80352987 80352987 A/T 1
5 39382671 39382671 T/C 1
5 39394311 39394311 C/T 1
17 80353661 80353661 A/G 1
17 80361803 80361803 G/A 1
14 91273333 91273339 TGCATGG/T 1
14 91297460 91297460 C/T 1
16 69888225 69888225 A/G 1
16 69939398 69939398 C/G 1
14 91283349 91283349 C/T 1
11 68363856 68363856 C/T 1
17 58206327 58206327 C/A 1
1 171636247 171636247 T/C 1
1 171652418 171652418 C/G 1
17 80386331 80386331 G/A 1
22 46364649 46364649 C/T 1
22 46381900 46381900 C/T 1
22 46381880 46381880 G/A 1
3 48652023 48652023 G/C 1
1 112509327 112509327 T/C 1
1 112517302 112517302 G/A 1
17 82249478 82249478 G/A 1
17 82266877 82266877 G/A 1
3 160277624 160277624 C/T 1
3 160277643 160277643 C/T 1
3 48640016 48640016 G/A 1
22 46364146 46364146 G/A 1
6 39901976 39901976 G/A 1
14 91339948 91339948 G/A 1
1 245609488 245609488 C/T 1
1 245686507 245686507 C/T 1
17 80369525 80369525 G/A 1
1 245685540 245685540 G/A 1
1 245688361 245688361 C/T 1
1 245686120 245686120 G/A 1
17 80345233 80345233 T/G 1
14 59263530 59263530 T/G 1
14 59359419 59359419 C/G 1
14 91273331 91273331 G/C 1
14 91417174 91417174 C/T 1
9 91724911 91724911 C/T 1
9 91737475 91737475 T/C 1
17 80306374 80306374 T/C 1
17 80374465 80374465 G/A 1
17 80381689 80381689 G/A 1
17 80390121 80390121 A/C 1
16 69888060 69888060 C/G 1
16 69935870 69935870 G/T 1
22 46378689 46378689 G/A 1
17 80346515 80346515 G/A 1
17 80383801 80383801 A/C 1
1 245366889 245366889 G/A 1
17 80325072 80325072 C/T 1
17 80348104 80348104 A/G 1
1 245686303 245686303 C/T 1
1 245698292 245698292 G/A 1
5 138088959 138088959 G/A 1
5 138090729 138090729 G/A 1
22 46382023 46382023 C/T 1
22 46391743 46391743 C/T 1
17 58357236 58357236 C/T 1
17 58357806 58357806 C/G 1
8 38423175 38423175 G/A 1
8 38429729 38429729 C/T 1
1 1336468 1336468 G/A 1
1 1342061 1342061 C/T 1
8 103300153 103300153 C/G 1
8 103324846 103324846 T/C 1
6 39884013 39884013 C/T 1
9 91726666 91726666 G/C 1
9 91733329 91733329 G/A 1
17 80307188 80307188 A/C 1
17 80344993 80344993 C/T 1
22 46386564 46386564 C/T 1
22 46536557 46536557 G/A 1
1 171635941 171635941 T/C 1
1 171636104 171636104 C/A 1
1 245366973 245366973 T/G 1
9 91757278 91757278 G/A 1
17 80290704 80290704 A/G 1
17 80345560 80345560 C/T 1
3 48647923 48647923 G/T 1
1 245686636 245686636 C/T 1
17 80388644 80388644 G/T 1
17 80348156 80348156 C/T 1
9 20414108 20414108 T/G 1
18 9887419 9887419 A/C 1
18 9887912 9887912 C/T 1
11 68413698 68413698 G/A 1
11 68439888 68439888 C/G 1
1 245686251 245686251 A/C 1
22 46369723 46369723 C/T 1
17 80295725 80295725 G/T 1
6 39871532 39871532 G/A 1
6 39879422 39879422 G/A 1
22 46367048 46367048 C/G 1
17 80343939 80343939 G/A 1
1 245688714 245688714 G/T 1
17 80346389 80346389 T/C 1
17 80347663 80347663 G/A 1
6 39901355 39901355 C/G 1
6 39901913 39901913 C/T 1
12 42464799 42464799 T/A 1
12 42468823 42468823 A/C 1
17 80339282 80339282 G/A 1
11 68414012 68414012 C/T 1
14 91278128 91278128 G/A 1
18 9887179 9887179 C/A 1
17 80381628 80381628 T/G 1
17 80383062 80383062 G/C 1
1 245609461 245609461 C/T 1
1 245686170 245686170 A/G 1
22 46534749 46534749 T/C 1
17 80376365 80376365 G/A 1
8 93786253 93786253 G/A 1
6 39900192 39900192 A/G 1
6 39883990 39883990 A/G 1
17 80347049 80347049 C/T 1
14 91339397 91339397 C/A 1
17 80381662 80381662 C/T 1
