12 56131047 56131047 G/A 1
2 131479377 131479377 C/A 1
1 201622952 201622952 G/C 1
7 133475345 133475345 C/G 1
17 81693699 81693699 C/G 1
17 81694930 81694930 C/T 1
6 564140 564140 G/A 1
17 81693575 81693575 G/T 1
1 201781109 201781109 G/A 1
20 59024515 59024515 T/C 1
7 93334139 93334139 T/C 1
16 69908846 69908846 C/G 1
2 63919981 63919981 T/C 1
14 57219374 57219374 T/C 1
15 55916785 55916785 G/T 1
17 81693676 81693676 C/T 1
11 65107994 65107994 C/A 1
2 55049873 55049873 G/A 1
1 52356245 52356245 C/G 1
1 52357052 52357052 C/G 1
5 83572438 83572438 A/G 1
17 81688752 81688752 G/A 1
18 11851976 11851976 A/C 1
5 83540896 83540896 A/T 1
16 11556597 11556597 G/A 1
11 111964612 111964612 C/G 1
22 18126945 18126945 G/A 1
9 33265118 33265118 C/T 1
1 35192821 35192821 G/A 1
20 34440164 34440164 A/G 1
17 19656553 19656553 G/C 1
9 34241618 34241618 A/G 1
16 71923315 71923315 A/G 1
19 4362368 4362368 A/T 1
15 65102402 65102402 T/C 1
3 122569209 122569209 A/T 1
22 18131065 18131065 G/T 1
2 148991164 148991164 G/A 1
2 152123916 152123916 T/C 1
9 26926534 26926534 C/A 1
1 231335794 231335794 A/G 1
2 72465102 72465102 C/T 1
9 37357117 37357117 C/T 1
16 69322681 69322681 T/C 1
8 86457954 86457954 G/A 1
1 201808130 201808130 G/A 1
2 55027128 55027128 A/T 1
17 517482 517482 G/A 1
11 111996125 111996125 G/C 1
5 91374129 91374129 G/A 1
10 5394031 5394031 A/T 1
15 90390859 90390859 G/T 1
1 52361024 52361024 C/G 1
17 5373408 5373408 T/G 1
8 86427701 86427701 A/T 1
17 5361536 5361536 C/T 1
19 58551708 58551708 C/T 1
1 35191508 35191508 G/A 1
2 63920603 63920603 A/G 1
10 92948359 92948359 C/G 1
1 231337196 231337196 C/G 1
9 26935150 26935150 G/C 1
4 70705199 70705199 C/T 1
2 73860055 73860057 T/TTA 1
X 155939766 155939766 C/T 1
12 56142289 56142289 G/A 1
8 86411853 86411853 A/G 1
16 71922636 71922636 C/T 1
8 86466852 86466852 C/A 1
8 86448171 86448171 C/G 1
2 222934681 222934681 A/G 1
8 86402179 86402179 G/A 1
12 55957982 55957982 C/T 1
12 64490067 64490067 T/A 1
12 89591105 89591105 G/T 1
2 131480684 131480684 G/T 1
5 83520013 83520013 C/G 1
5 177592272 177592272 A/G 1
6 33788917 33788917 C/G 1
1 35192795 35192795 A/C 1
1 52359734 52359734 G/A 1
1 52359528 52359528 C/T 1
1 52354895 52354895 C/T 1
12 56136784 56136784 C/T 1
7 93258372 93258372 C/T 1
18 21006395 21006395 C/T 1
7 73669585 73669585 G/A 1
2 149005415 149005415 A/G 1
5 83540061 83540061 C/T 1
2 55027057 55027057 T/C 1
6 33788908 33788908 T/G 1
15 65102152 65102152 G/A 1
1 201786529 201786529 C/A 1
9 137614643 137614643 C/T 1
3 47409172 47409172 C/G 1
16 69799290 69799290 G/A 1
14 24210422 24210422 T/C 1
10 92952379 92952379 G/A 1
2 222930722 222930722 G/A 1
4 55858378 55858378 C/T 1
12 49128199 49128199 T/C 1
5 83490248 83490248 A/G 1
2 130192033 130192033 A/G 1
16 71923313 71923313 G/C 1
7 93320559 93320559 C/T 1
2 148978985 148978985 G/T 1
17 76094537 76094537 G/A 1
2 222927097 222927097 C/T 1
19 6495241 6495241 A/C 1
6 33269807 33269807 G/A 1
17 81693955 81693955 C/T 1
15 55915729 55915729 T/C 1
2 219271571 219271571 T/C 1
5 453877 453877 T/C 1
12 49269915 49269915 G/A 1
16 89651639 89651639 G/T 1
20 34440221 34440221 C/T 1
2 3192458 3192458 G/C 1
17 81700762 81700762 G/A 1
5 83520237 83520237 C/T 1
2 131482663 131482663 C/G 1
12 89604157 89604157 G/C 1
2 69542635 69542635 C/T 1
17 81693559 81693559 G/A 1
17 623652 623652 G/A 1
8 86381551 86381551 C/T 1
14 23560394 23560394 A/C 1
13 52417995 52417995 A/G 1
11 111993587 111993587 A/G 1
6 33268516 33268516 C/A 1
2 148949926 148949926 G/T 1
19 4363806 4363806 C/T 1
17 42130580 42130580 G/A 1
3 47412125 47412125 C/T 1
5 83537170 83537173 TGAA/T 1
5 83539209 83539209 C/T 1
12 89624296 89624296 T/C 1
9 137614896 137614896 C/T 1
10 93503225 93503225 C/A 1
20 34507730 34507730 A/G 1
2 72179405 72179405 C/T 1
15 65102521 65102521 C/G 1
17 5381395 5381395 G/A 1
18 12310966 12310966 G/A 1
2 32063860 32063860 A/G 1
12 55957979 55957979 C/T 1
1 171709693 171709693 C/T 1
10 5393820 5393820 G/C 1
11 111974131 111974131 C/A 1
10 5393864 5393864 G/A 1
8 23248154 23248154 G/A 1
12 55954295 55954301 ACTGCTG/A 1
17 63756545 63756545 T/C 1
9 26923262 26923262 G/C 1
20 34408663 34408663 A/G 1
9 37305599 37305599 C/T 1
17 48933322 48933322 C/G 1
15 55916626 55916626 T/C 1
15 90448718 90448718 T/G 1
8 144424026 144424029 GGGA/G 1
5 83520192 83520192 G/T 1
17 517481 517481 C/T 1
15 90484261 90484261 A/G 1
7 30049302 30049302 G/A 1
2 130192073 130192073 C/T 1
19 58551908 58551908 G/A 1
1 52359273 52359273 G/C 1
15 55863022 55863025 CTTG/C 1
3 47409025 47409025 G/A 1
6 47544686 47544686 A/G 1
6 47544687 47544687 T/A 1
19 17433440 17433440 G/A 1
5 177592293 177592293 C/G 1
2 55027123 55027123 T/C 1
20 34477826 34477826 G/A 1
2 63965875 63965875 C/T 1
16 89649362 89649362 T/A 1
19 40377810 40377810 G/A 1
10 48065 48065 G/A 1
6 47576602 47576602 G/T 1
22 18121492 18121492 C/T 1
6 47607963 47607966 AAAG/A 1
16 71916530 71916530 C/T 1
8 86411556 86411556 C/T 1
6 142147295 142147295 C/T 1
9 127461213 127461213 G/A 1
1 201788504 201788504 G/T 1
4 55871869 55871869 G/A 1
2 131480409 131480409 C/T 1
12 122870928 122870928 A/G 1
18 12325592 12325595 C/CTGG 1
9 37302200 37302200 T/C 1
5 83540409 83540409 C/T 1
5 83541624 83541624 C/T 1
18 63393488 63393488 G/C 1
12 49186475 49186475 G/C 1
2 69476910 69476910 T/C 1
15 90456152 90456152 G/A 1
2 69519063 69519063 T/C 1
10 48134 48134 G/A 1
15 55915459 55915459 G/T 1
17 76087663 76087663 C/A 1
9 127485801 127485801 C/G 1
16 11553608 11553608 T/C 1
17 81693657 81693657 C/T 1
3 47411571 47411571 C/T 1
14 57209662 57209662 A/G 1
2 148981503 148981503 A/G 1
13 19173949 19173949 C/A 1
3 47411855 47411855 A/T 1
3 47411508 47411508 G/A 1
20 59024760 59024760 G/A 1
6 556497 556497 G/A 1
5 177595360 177595360 G/A 1
10 48841 48841 C/T 1
16 11549493 11549493 C/T 1
6 142169631 142169631 A/T 1
4 55868459 55868459 A/T 1
15 90473966 90473966 A/C 1
6 592486 592486 T/C 1
5 453969 453969 C/T 1
17 553414 553414 T/C 1
9 137614084 137614084 C/T 1
1 231337511 231337511 A/G 1
10 97750460 97750460 C/T 1
9 137243526 137243526 C/A 1
17 562560 562560 A/G 1
18 63410369 63410369 T/G 1
8 144424980 144424980 A/G 1
15 90483499 90483499 C/T 1
15 90486984 90486984 A/G 1
X 155919872 155919872 G/T 1
5 83521989 83521989 C/T 1
19 4365494 4365494 C/T 1
2 63942512 63942512 G/A 1
5 83539671 83539671 C/T 1
17 5383151 5383151 C/G 1
8 86427741 86427741 A/G 1
18 21070547 21070547 T/C 1
14 57233771 57233771 A/G 1
16 89933603 89933603 T/C 1
10 5395388 5395388 C/T 1
5 83537057 83537060 AAAG/A 1
14 23561586 23561586 C/A 1
5 83520962 83520962 A/G 1
17 5383131 5383131 G/C 1
18 20970377 20970377 T/G 1
10 97738586 97738586 C/G 1
2 69466518 69466518 A/G 1
2 3214244 3214244 C/T 1
9 26925904 26925904 C/T 1
11 65108520 65108520 C/T 1
12 89591057 89591057 G/T 1
7 133275107 133275107 C/G 1
19 18009966 18009966 G/A 1
6 564657 564657 C/T 1
7 73669468 73669468 C/T 1
9 37356891 37356891 G/A 1
17 81695938 81695938 G/C 1
11 111992467 111992467 A/C 1
2 219250740 219250740 C/T 1
12 124913279 124913279 T/C 1
7 128801410 128801410 G/T 1
14 57232673 57232673 T/C 1
19 18009900 18009900 G/A 1
2 32127007 32127007 T/G 1
