3 47411141 47411141 G/A 1
2 55026670 55026670 T/C 1
2 152135509 152135509 C/T 1
1 52359731 52359731 C/T 1
2 131480397 131480397 T/A 1
2 3274381 3274381 G/A 1
8 17274803 17274803 C/T 1
6 576834 576834 C/T 1
2 63933743 63933743 A/T 1
1 201808113 201808113 C/T 1
2 63965863 63965863 G/A 1
15 65093174 65093174 G/A 1
1 201782193 201782193 G/C 1
13 36329373 36329373 G/A 1
10 5394460 5394460 G/A 1
7 133895644 133895644 A/G 1
2 3208929 3208929 G/A 1
5 454027 454027 C/T 1
10 97759297 97759297 G/C 1
11 61134162 61134162 G/A 1
10 92894998 92894998 A/C 1
5 177595280 177595280 G/A 1
3 33844154 33844154 T/G 1
9 127496045 127496045 C/T 1
17 16027385 16027385 C/T 1
15 90390776 90390776 G/A 1
5 177592285 177592285 C/G 1
14 57233864 57233864 T/G 1
15 50492886 50492886 G/A 1
7 128815756 128815756 T/C 1
17 76101784 76101784 T/C 1
6 599225 599225 C/T 1
15 50495950 50495950 A/G 1
3 122569659 122569659 C/T 1
17 63760943 63760943 G/A 1
12 55954257 55954257 G/A 1
5 83539208 83539208 A/G 1
2 69544457 69544457 T/C 1
6 47554652 47554652 G/A 1
2 136115878 136115878 C/A 1
2 219270321 219270321 C/T 1
12 55956990 55956990 C/T 1
17 80997047 80997047 C/T 1
19 18573706 18573706 C/G 1
16 11549493 11549493 C/T 1
17 5338123 5338123 G/C 1
18 20992893 20992893 T/G 1
2 55025412 55025412 T/C 1
2 63962124 63962124 G/C 1
12 49228108 49228108 C/T 1
15 50471779 50471779 A/G 1
5 83490248 83490248 A/G 1
2 55050029 55050029 C/T 1
12 49272568 49272568 A/G 1
5 83520237 83520237 C/T 1
9 127485775 127485775 G/A 1
13 19174011 19174011 C/A 1
9 37357236 37357236 T/C 1
6 564588 564588 C/T 1
17 81694824 81694824 G/C 1
11 111964549 111964549 C/A 1
12 64496981 64496981 T/G 1
12 56130858 56130858 C/T 1
12 49228131 49228131 A/C 1
2 63942512 63942512 G/A 1
15 90477736 90477736 A/G 1
12 89635014 89635014 A/G 1
6 47579487 47579487 C/T 1
12 122867153 122867153 C/T 1
5 83547988 83547988 T/C 1
15 90482266 90482266 G/T 1
7 93308900 93308900 G/A 1
7 133356419 133356419 G/T 1
2 69465870 69465870 C/T 1
12 124913117 124913117 A/C 1
15 90473927 90473927 G/A 1
17 8207579 8207579 G/T 1
9 127491290 127491290 C/T 1
15 55841955 55841955 C/T 1
4 70802966 70802966 C/T 1
7 128812769 128812769 A/G 1
12 55957137 55957137 A/G 1
1 201623426 201623426 A/G 1
5 83519675 83519675 G/A 1
11 111989050 111989050 A/T 1
20 34417138 34417138 C/A 1
17 81695206 81695206 G/C 1
17 81696716 81696716 A/G 1
15 55916002 55916002 C/T 1
13 19177343 19177343 G/A 1
9 34241961 34241961 G/T 1
2 55026068 55026068 A/C 1
8 17276454 17276454 C/A 1
5 83540887 83540887 C/A 1
3 47409258 47409258 C/T 1
20 33851064 33851064 G/C 1
9 137614107 137614107 A/G 1
15 55916447 55916447 C/T 1
6 33267201 33267201 C/T 1
15 55852452 55852452 G/A 1
9 127462359 127462359 G/A 1
10 5400888 5400888 T/C 1
2 55027023 55027023 A/G 1
19 54178804 54178804 T/C 1
4 55878032 55878032 G/A 1
12 55970961 55970961 G/A 1
3 47410557 47410557 C/T 1
1 52353625 52353625 G/A 1
14 24212571 24212571 T/G 1
16 71923330 71923330 C/A 1
1 201782289 201782289 C/G 1
8 81732744 81732744 C/G 1
2 72495518 72495518 G/C 1
10 5395389 5395389 G/A 1
3 47411873 47411873 G/A 1
8 86466883 86466883 G/C 1
9 126484031 126484031 A/T 1
1 201622958 201622958 C/T 1
7 128815725 128815725 G/A 1
17 8205356 8205356 G/A 1
1 201623027 201623027 T/C 1
19 40367659 40367659 C/T 1
5 83483534 83483534 A/G 1
5 83537889 83537889 A/G 1
5 83539961 83539961 A/G 1
11 18502552 18502552 G/C 1
8 17274737 17274737 T/C 1
2 99171388 99171388 T/G 1
2 72495466 72495466 T/A 1
19 6496445 6496445 C/T 1
2 3214232 3214232 T/C 1
5 83521368 83521368 T/A 1
5 314438 314438 C/T 1
18 63407483 63407483 C/G 1
10 93515489 93515489 T/G 1
9 37126811 37126811 G/A 1
7 73669585 73669585 G/A 1
3 47407787 47407787 C/T 1
13 19173891 19173891 G/C 1
5 177592293 177592293 C/G 1
10 93517103 93517103 T/C 1
19 54178910 54178910 A/C 1
7 93291827 93291827 C/T 1
13 19173949 19173949 C/A 1
16 69939114 69939114 G/A 1
2 69532084 69532084 G/A 1
2 73860055 73860057 T/TTA 1
9 37357107 37357107 C/T 1
1 35188056 35188056 T/A 1
9 26905897 26905897 C/T 1
15 55848427 55848427 A/C 1
6 619532 619532 G/A 1
17 16000237 16000237 C/G 1
9 37126780 37126780 C/T 1
14 23563756 23563756 G/A 1
1 201648869 201648869 C/G 1
5 83520013 83520013 C/G 1
9 127497292 127497292 C/T 1
12 49185158 49185158 G/T 1
9 34241579 34241579 T/C 1
15 50492763 50492763 A/G 1
10 17708861 17708861 C/T 1
11 61134069 61134069 C/T 1
5 91375134 91375134 G/A 1
20 59023960 59023960 C/T 1
10 93503308 93503308 G/A 1
1 231337319 231337319 G/C 1
3 47411297 47411297 C/T 1
2 55027369 55027369 C/T 1
11 65107994 65107994 C/A 1
7 93320559 93320559 C/T 1
7 30054851 30054851 T/A 1
17 5335213 5335213 C/T 1
17 19663370 19663370 G/C 1
7 93291820 93291820 A/G 1
2 148949926 148949926 G/T 1
19 54183677 54183677 C/T 1
17 562675 562675 C/T 1
4 70722581 70722581 C/T 1
1 52361117 52361117 C/T 1
2 219271448 219271448 G/A 1
9 34241560 34241560 G/T 1
9 34179185 34179185 G/T 1
2 55025878 55025878 C/T 1
10 92974180 92974180 T/C 1
16 69935986 69935986 A/G 1
17 48944685 48944685 G/T 1
14 57209693 57209693 C/T 1
3 122569890 122569890 A/G 1
6 33788611 33788611 G/A 1
2 131479313 131479313 G/A 1
9 26913918 26913918 T/C 1
10 5394313 5394313 G/A 1
19 54174066 54174066 G/A 1
5 91376728 91376728 G/C 1
16 69799260 69799260 A/G 1
17 76086140 76086140 T/C 1
11 112017856 112017856 G/T 1
12 49269675 49269675 C/T 1
5 83572438 83572438 A/G 1
20 59024287 59024287 C/T 1
8 81753133 81753133 C/G 1
19 40377995 40377995 A/G 1
12 89599275 89599275 G/A 1
1 35192778 35192793 GGATGCGGCGGCGGCT/G 1
14 57231567 57231567 T/C 1
3 122569357 122569357 A/G 1
22 18121602 18121602 A/T 1
5 83538204 83538204 C/T 1
18 21110855 21110855 C/T 1
17 48937065 48937065 C/T 1
2 86529271 86529271 T/C 1
19 40367742 40367742 G/T 1
7 134064403 134064403 C/T 1
10 92934375 92934375 A/G 1
7 128806722 128806722 A/G 1
11 65108421 65108421 A/G 1
17 76085753 76085753 T/G 1
2 73847544 73847544 G/C 1
14 23562038 23562038 C/T 1
11 111980771 111980771 A/C 1
6 564090 564090 G/A 1
2 222919113 222919113 G/A 1
14 23563809 23563809 C/T 1
17 80998427 80998427 C/T 1
5 91382863 91382863 T/G 1
5 272748 272748 G/C 1
5 272755 272755 A/G 1
6 33271527 33271527 G/C 1
15 50449447 50449447 C/G 1
5 83540735 83540735 A/G 1
14 24213532 24213532 C/A 1
16 11549585 11549585 A/T 1
9 137613002 137613002 C/A 1
9 127502837 127502837 C/T 1
2 148994465 148994465 G/A 1
7 30052741 30052741 C/T 1
7 133895648 133895648 A/G 1
2 222934570 222934570 A/G 1
19 17424661 17424661 C/T 1
17 8205011 8205011 C/T 1
9 137614438 137614438 C/T 1
10 5393864 5393864 G/A 1
2 55026130 55026130 G/A 1
1 201649267 201649267 A/G 1
2 32136605 32136605 G/T 1
5 83539158 83539158 A/G 1
7 93341430 93341430 G/T 1
9 26905957 26905957 T/C 1
17 16025127 16025127 G/T 1
1 201648731 201648731 C/G 1
6 556534 556534 A/C 1
2 69525088 69525088 G/A 1
15 90453220 90453220 T/G 1
2 73845235 73845235 A/C 1
10 17695090 17695090 A/G 1
8 86411772 86411772 G/A 1
18 12325088 12325088 A/G 1
16 89933617 89933617 A/G 1
6 33778251 33778251 A/T 1
5 83540351 83540351 G/A 1
6 629909 629909 C/T 1
5 83541215 83541215 A/G 1
17 80997330 80997330 G/A 1
17 80997333 80997333 A/G 1
4 70705294 70705294 C/A 1
2 55027194 55027194 G/A 1
15 55833041 55833041 G/A 1
5 456908 456908 G/C 1
14 23561343 23561343 C/T 1
7 73669494 73669494 C/T 1
13 36329513 36329513 T/C 1
2 32089545 32089545 C/T 1
9 26947025 26947025 C/A 1
2 63912544 63912544 G/A 1
1 201819872 201819872 C/G 1
12 55955501 55955501 G/T 1
5 83521511 83521511 G/A 1
15 55860565 55860565 T/G 1
14 23565873 23565873 G/C 1
8 17280101 17280101 A/C 1
17 8207589 8207589 C/T 1
14 57219412 57219412 T/A 1
13 19177162 19177162 G/A 1
6 564567 564567 C/T 1
16 69888060 69888060 C/G 1
9 34249791 34249791 A/G 1
20 59024219 59024219 C/G 1
20 34417126 34417126 C/T 1
17 80997071 80997071 G/A 1
3 47409025 47409025 G/A 1
11 111992417 111992417 T/A 1
10 93503185 93503185 C/T 1
7 134064437 134064437 A/G 1
6 33263546 33263546 G/A 1
4 70791292 70791292 C/G 1
17 48936230 48936230 A/T 1
2 63933838 63933838 C/A 1
16 71922573 71922573 A/C 1
13 36304496 36304496 G/C 1
5 465732 465732 C/A 1
17 697443 697443 G/A 1
18 12329176 12329176 A/C 1
15 65102639 65102639 C/T 1
8 144423973 144423973 C/A 1
1 201788489 201788489 C/T 1
12 55958006 55958006 G/A 1
3 122568841 122568841 C/T 1
