1 201750233 201750233 G/A 1
17 19575096 19575096 C/T 1
2 55254017 55254017 C/G 1
5 82836537 82836537 C/T 1
6 142468536 142468536 T/A 1
10 95275189 95275189 G/A 1
17 79661990 79661990 A/C 1
2 64208857 64208857 T/C 1
4 71570940 71570940 G/A 1
19 18121112 18121112 C/G 1
17 74094036 74094036 G/A 1
12 89984828 89984828 T/C 1
2 55252944 55252944 A/T 1
17 61843418 61843418 C/T 1
10 5442851 5442851 T/C 1
10 95276800 95276800 G/A 1
15 56126460 56126460 C/A 1
2 55276929 55276929 G/C 1
1 52819229 52819229 T/C 1
