11 64863922 64863922 A/T 1
12 56536717 56536717 G/A 1
8 87460431 87460431 C/T 1
9 129265471 129265471 C/T 1
16 89712336 89712336 G/C 1
9 34249886 34249886 C/T 1
5 458095 458095 C/A 1
17 61842138 61842138 A/T 1
17 465752 465752 T/C 1
18 11851531 11851531 C/G 1
15 56125230 56125230 T/C 1
10 94675602 94675602 A/G 1
2 149868095 149868095 C/T 1
2 130949612 130949612 G/T 1
9 130216850 130216850 G/A 1
12 56352313 56352313 C/T 1
17 530478 530478 G/A 1
10 5435718 5435718 G/A 1
2 130953943 130953943 C/T 1
11 111863708 111863708 C/T 1
19 54677928 54677928 A/G 1
2 64160972 64160972 C/A 1
6 549261 549261 A/G 1
7 73082300 73082309 C/CCGGGCGGCG 1
2 64189499 64189499 T/C 1
5 82836874 82836874 C/G 1
4 56736887 56736887 T/C 1
11 60900741 60900741 C/T 1
2 55200305 55200305 C/T 1
16 89986058 89986058 G/A 1
14 57700548 57700548 T/A 1
15 56208815 56208815 G/A 1
15 56285746 56285746 G/A 1
11 64864548 64864548 G/A 1
6 47567054 47567054 C/T 1
5 82815456 82815456 C/T 1
9 140507388 140507388 C/G 1
