X 132473325 132473325 G/C 1
X 54496874 54496874 C/T 1
X 132826530 132826530 A/G 1
X 54497833 54497833 C/T 1
7 98648530 98648530 T/C 1
X 54521757 54521757 C/A 1
9 20414343 20414346 A/ACTG 1
X 132670324 132670328 GTCAA/G 1
1 245775133 245775133 G/T 1
1 245848878 245848878 G/A 1
9 20413967 20413967 G/A 1
12 49374427 49374427 C/A 1
17 78252716 78252716 C/T 1
12 42854219 42854219 G/C 1
14 59789696 59789696 G/A 1
22 29445447 29445447 C/G 1
X 132548933 132548933 G/C 1
X 132833932 132833932 C/A 1
X 48374165 48374165 C/G 1
8 94809574 94809574 G/A 1
17 78280189 78280189 G/A 1
22 29279791 29279794 GGCC/G 1
12 42854036 42854036 T/C 1
22 46760520 46760520 C/T 1
X 48370971 48370971 C/T 1
22 29446079 29446079 A/G 1
X 54472556 54472556 G/A 1
X 54496615 54496615 G/A 1
1 245319861 245319861 G/A 1
1 245530313 245530313 G/A 1
X 132548986 132548986 C/T 1
9 20414310 20414319 ACTGCTGCTG/A 1
X 132445391 132445391 G/A 1
12 12334310 12334310 G/A 1
16 53698905 53698905 G/A 1
2 219754712 219754712 G/A 1
16 53672272 53672272 G/A 1
