22 46790142 46790142 G/A 1
22 46929668 46929668 C/T 1
14 91739814 91739814 C/T 1
14 91739969 91739969 A/G 1
22 46777854 46777854 C/T 1
22 46785282 46785282 G/A 1
22 46930094 46930094 T/C 1
22 46932931 46932931 G/A 1
22 46933047 46933050 GGGC/G 1
14 91739030 91739030 G/A 1
14 91826004 91826004 C/T 1
22 46787149 46787149 C/T 1
22 46832075 46832093 A/AGAGAAGGCCCCACCTGCG 1
6 39828777 39828777 A/G 1
6 39835372 39835372 G/A 1
17 78264458 78264458 T/C 1
17 78293195 78293195 C/T 1
3 48680431 48680431 G/A 1
3 48696664 48696664 C/A 1
1 245530583 245530583 A/C 1
1 245775183 245775183 A/G 1
6 43100411 43100411 A/G 1
6 43111325 43111325 G/A 1
6 90327797 90327797 A/T 1
1 245851663 245851663 C/T 1
1 245851740 245851740 C/T 1
3 48697034 48697034 T/C 1
3 48698936 48698936 T/C 1
22 46929838 46929838 G/A 1
22 46932032 46932032 T/A 1
17 78313697 78313697 G/A 1
17 78327375 78327375 C/T 1
17 78261749 78261749 C/A 1
17 78261978 78261978 T/A 1
1 245530491 245530491 G/A 1
1 245851519 245851519 C/T 1
11 68213980 68213980 C/T 1
11 68213995 68213995 C/T 1
9 20414310 20414313 A/ACTG 1
9 20414373 20414376 GCTA/G 1
22 46762314 46762314 C/T 1
22 46777771 46777771 G/A 1
22 46763675 46763675 C/T 1
22 29446367 29446367 T/C 1
22 29446787 29446787 C/G 1
17 78343588 78343588 T/A 1
17 78360549 78360549 G/A 1
1 245766015 245766015 A/G 1
1 245848890 245848890 G/A 1
17 78252690 78252690 C/T 1
17 78302257 78302257 A/G 1
17 78313281 78313281 C/A 1
3 159986268 159986268 C/T 1
3 160000283 160000283 T/C 1
3 160102376 160102376 T/G 1
22 46790058 46790058 T/C 1
19 49340728 49340728 G/A 1
19 49344417 49344417 C/G 1
6 39847198 39847198 G/C 1
6 39851741 39851741 C/T 1
22 46795730 46795730 C/G 1
22 46860228 46860228 C/T 1
9 94486108 94486108 G/A 1
9 94487187 94487187 C/T 1
22 46763736 46763736 C/T 1
22 46776685 46776685 G/A 1
16 53652968 53652968 A/T 1
16 53706849 53706849 C/T 1
17 78320189 78320189 T/C 1
17 78346840 78346840 G/A 1
1 245850513 245850513 C/G 1
17 78328349 78328349 A/G 1
17 78311503 78311503 C/A 1
16 53721779 53721779 T/C 1
16 53730122 53730122 C/A 1
17 78252614 78252614 G/C 1
17 78350210 78350210 C/T 1
8 104330818 104330818 C/T 1
8 104337631 104337631 G/A 1
11 75898126 75898126 G/T 1
11 75902699 75902699 G/C 1
3 48677389 48677389 C/T 1
3 48677452 48677452 C/T 1
3 48683228 48683228 G/A 1
6 39839308 39839308 G/A 1
6 39869235 39869235 G/T 1
22 46930570 46930570 G/A 1
1 245849697 245849697 A/C 1
1 245850166 245850166 C/T 1
22 46780520 46780520 G/C 1
22 46930990 46930990 T/C 1
9 94488971 94488971 G/A 1
9 94519719 94519719 C/T 1
17 78313164 78313164 G/A 1
22 46759926 46759926 G/A 1
22 46760546 46760546 C/T 1
8 94805495 94805495 C/T 1
8 94811892 94811892 T/C 1
6 39835482 39835482 C/G 1
6 39869689 39869689 C/T 1
5 171765882 171765882 C/T 1
5 171765981 171765981 G/C 1
12 12291339 12291339 T/G 1
12 12303825 12303825 T/C 1
17 78313098 78313098 C/T 1
17 78348318 78348318 A/G 1
17 78319610 78319610 C/T 1
17 78320821 78320821 C/T 1
17 78327916 78327916 G/A 1
