14 23565699 23565699 C/T 1
7 93334139 93334139 T/C 1
14 57219374 57219374 T/C 1
15 55916785 55916785 G/T 1
11 65107994 65107994 C/A 1
17 81700690 81700690 C/T 1
12 55727863 55727863 C/A 1
17 81688752 81688752 G/A 1
16 11556597 11556597 G/A 1
17 19656553 19656553 G/C 1
4 70802988 70802988 C/G 1
16 71923315 71923315 A/G 1
1 52360417 52360417 G/A 1
10 92934136 92934136 A/G 1
15 90390859 90390859 G/T 1
16 69319548 69319548 G/A 1
3 33838243 33838245 CTT/C 1
16 89646720 89646720 G/A 1
15 65102402 65102402 T/C 1
2 131476208 131476208 G/A 1
2 73860055 73860057 T/TTA 1
X 155939766 155939766 C/T 1
8 86438671 86438671 G/A 1
1 52356450 52356450 T/C 1
16 71922636 71922636 C/T 1
10 93507057 93507057 G/A 1
2 222934681 222934681 A/G 1
17 661879 661881 T/TGA 1
2 32136560 32136560 T/C 1
2 152132174 152132174 A/G 1
6 33788917 33788917 C/G 1
18 21006395 21006395 C/T 1
6 33788908 33788908 T/G 1
3 47409172 47409172 C/G 1
14 24210422 24210422 T/C 1
10 92952379 92952379 G/A 1
2 222930722 222930722 G/A 1
7 93271266 93271266 A/G 1
17 16001911 16001911 T/C 1
2 54974688 54974692 G/GACTT 1
2 54987595 54987596 T/TA 1
2 130195071 130195071 C/G 1
16 89651639 89651639 G/T 1
2 3192458 3192458 G/C 1
12 89604157 89604157 G/C 1
17 623652 623652 G/A 1
11 111993587 111993587 A/G 1
3 47412125 47412125 C/T 1
9 137614896 137614896 C/T 1
15 65102521 65102521 C/G 1
15 90449650 90449650 G/A 1
6 33268215 33268215 G/A 1
7 93271268 93271268 A/G 1
18 12310966 12310966 G/A 1
1 171709693 171709693 C/T 1
12 55955777 55955777 A/G 1
15 55916626 55916626 T/C 1
15 90448718 90448718 T/G 1
8 144424026 144424029 GGGA/G 1
2 69507414 69507414 T/C 1
15 90484261 90484261 A/G 1
19 58551908 58551908 G/A 1
15 55863022 55863025 CTTG/C 1
20 34477826 34477826 G/A 1
12 89611375 89611375 G/A 1
16 89649362 89649362 T/A 1
19 18010366 18010366 C/T 1
10 48065 48065 G/A 1
6 47576602 47576602 G/T 1
16 71916530 71916530 C/T 1
1 201788504 201788504 G/T 1
11 61132397 61132398 TG/T 1
8 144425778 144425778 G/A 1
16 71922681 71922681 G/C 1
18 12325592 12325595 C/CTGG 1
17 42137755 42137755 C/T 1
15 90456152 90456152 G/A 1
10 48134 48134 G/A 1
15 55915459 55915459 G/T 1
17 76087663 76087663 C/A 1
16 11553608 11553608 T/C 1
14 57209662 57209662 A/G 1
13 19173949 19173949 C/A 1
6 142170428 142170428 G/A 1
3 47411508 47411508 G/A 1
16 69762389 69762389 C/T 1
14 23563444 23563445 G/GC 1
10 48841 48841 C/T 1
17 8207566 8207566 C/T 1
16 11549493 11549493 C/T 1
2 32089610 32089614 CAATT/C 1
15 90473966 90473966 A/C 1
17 8207630 8207630 G/A 1
17 553414 553414 T/C 1
7 93348708 93348708 T/C 1
2 3261911 3261911 G/A 1
1 201788646 201788646 T/C 1
14 23565600 23565600 C/A 1
X 155919872 155919872 G/T 1
10 97753181 97753181 C/T 1
19 4362389 4362391 AAC/A 1
18 21070547 21070547 T/C 1
14 57233771 57233771 A/G 1
16 89933603 89933603 T/C 1
19 40367691 40367691 C/A 1
8 17284469 17284469 T/G 1
2 63919999 63919999 G/C 1
17 81695938 81695938 G/C 1
7 133484034 133484034 T/C 1
14 57232673 57232673 T/C 1
12 64495691 64495695 TTAAA/T 1
