16 53657616 53657616 T/A 1
3 119916113 119916113 C/T 1
17 82032437 82032437 C/G 1
9 130880638 130880638 C/A 1
3 119916111 119916111 C/T 1
3 55479505 55479505 G/C 1
12 112477720 112477720 A/G 1
3 119863547 119863547 T/C 1
22 46536554 46536554 C/A 1
22 38303141 38303141 C/T 1
6 43129037 43129037 G/A 1
16 53652618 53652618 T/C 1
17 58219187 58219187 T/C 1
8 38426219 38426222 T/TATG 1
12 112473031 112473031 A/G 1
6 39891693 39891693 G/A 1
17 82033761 82033761 G/A 1
17 80369806 80369806 G/A 1
12 112489083 112489083 G/A 1
4 1805935 1805935 C/G 1
17 46768613 46768613 G/A 1
17 80368084 80368084 C/G 1
20 492345 492345 C/G 1
22 46386411 46386411 C/T 1
22 46535036 46535036 C/T 1
1 37616664 37616664 C/T 1
9 130885252 130885252 G/A 1
3 48661463 48661463 A/G 1
7 6402403 6402403 C/T 1
1 64178023 64178023 C/T 1
9 91724609 91724609 C/T 1
17 80386303 80386303 G/A 1
3 119947297 119947297 G/A 1
6 39900149 39900149 A/G 1
17 46768403 46768403 T/C 1
1 115664142 115664142 C/T 1
8 93755122 93755122 A/T 1
1 179110838 179110841 TAGG/T 1
8 93781696 93781696 A/G 1
17 82032806 82032806 G/C 1
12 112477664 112477664 G/T 1
6 107906767 107906770 CATG/C 1
X 48512388 48512388 G/A 1
12 42460329 42460329 C/T 1
6 43144529 43144529 C/A 1
7 91265710 91265710 C/T 1
17 80332551 80332551 G/A 1
6 89624543 89624543 C/A 1
5 172325287 172325287 T/C 1
17 58415495 58415495 G/C 1
17 80343912 80343912 T/C 1
12 112489068 112489068 C/T 1
17 64547737 64547737 T/C 1
6 43130307 43130307 G/A 1
12 112450368 112450368 A/G 1
12 112450347 112450347 T/C 1
6 39884002 39884002 T/C 1
11 68433838 68433838 G/A 1
6 43129227 43129227 A/T 1
4 1805644 1805644 C/G 1
22 46536141 46536141 T/C 1
12 12181337 12181337 C/T 1
8 38423063 38423063 T/C 1
17 805168 805168 C/G 1
17 44558432 44558432 C/G 1
17 7229599 7229599 G/T 1
