9 136475067 136475067 G/A 1
9 136476597 136476597 C/T 1
22 30464882 30464882 C/T 1
22 30470073 30470073 C/T 1
3 167789349 167789349 A/G 1
3 167790410 167790410 G/A 1
14 103102151 103102151 G/A 1
14 103102616 103102616 A/T 1
3 167789234 167789234 C/A 1
3 167790407 167790407 A/G 1
8 67201581 67201581 T/C 1
8 67291967 67291967 C/A 1
22 30468681 30468681 T/G 1
22 30471211 30471211 G/A 1
9 136474989 136474989 C/A 1
9 136477488 136477488 G/A 1
17 77206821 77206821 G/A 1
17 77212079 77212079 G/A 1
16 67184488 67184488 C/T 1
16 67188726 67188726 C/G 1
9 136476502 136476511 GAGCTCCTGA/G 1
9 136476535 136476535 G/A 1
14 103107529 103107529 C/T 1
14 103108478 103108478 G/A 1
9 136447625 136447625 G/A 1
9 136474351 136474351 C/T 1
20 18535655 18535655 G/T 1
20 18543102 18543102 G/C 1
2 72179342 72179342 T/C 1
2 72465302 72465302 T/C 1
2 72718176 72718176 A/G 1
9 136462895 136462895 G/A 1
9 136474594 136474594 C/T 1
7 133356512 133356512 A/T 1
7 133356565 133356565 C/A 1
9 136474642 136474642 C/T 1
9 136459178 136459178 C/T 1
14 103110090 103110090 A/G 1
14 57210060 57210060 T/C 1
14 57219412 57219412 T/A 1
9 136466329 136466329 G/A 1
9 136476579 136476579 C/T 1
9 136476198 136476198 C/T 1
9 136447595 136447595 G/A 1
9 136477012 136477012 G/A 1
16 67185149 67185149 T/C 1
16 67187486 67187486 T/C 1
9 136463494 136463494 T/G 1
9 136476438 136476438 C/T 1
9 136451360 136451360 G/A 1
14 103102658 103102658 A/G 1
14 103102727 103102727 A/G 1
14 103102345 103102345 G/A 1
22 30398709 30398709 G/A 1
22 30407566 30407566 A/G 1
14 103102405 103102405 C/A 1
14 103102654 103102654 G/A 1
14 103102691 103102691 G/A 1
9 136475436 136475436 G/A 1
9 136476663 136476663 C/T 1
9 136474216 136474216 C/G 1
9 136474639 136474639 C/T 1
9 136451341 136451341 G/A 1
4 55892704 55892704 T/C 1
4 55896772 55896772 G/A 1
7 130508602 130508602 G/T 1
7 130613586 130613594 ATCCACAAT/A 1
22 30416014 30416014 C/T 1
14 103110138 103110138 C/T 1
14 103110149 103110149 G/A 1
14 103110155 103110155 C/T 1
17 77194700 77194700 C/G 1
17 77196233 77196233 C/A 1
14 103102681 103102681 G/A 1
9 136453501 136453501 G/A 1
14 103102127 103102127 C/T 1
5 456891 456891 C/T 1
5 464443 464443 C/T 1
9 136448407 136448407 G/A 1
9 136476679 136476679 C/T 1
16 67184583 67184583 G/A 1
16 67184981 67184981 C/T 1
16 67186838 67186838 G/C 1
14 57232686 57232686 G/T 1
14 57232687 57232687 A/T 1
7 130508638 130508638 G/T 1
7 130666926 130666926 G/A 1
14 103102619 103102619 C/T 1
14 103110162 103110162 G/A 1
7 133997525 133997525 C/T 1
7 134064365 134064365 C/T 1
22 30467053 30467053 C/T 1
