7 133937893 133937893 C/A 1
20 48985504 48985504 G/C 1
19 18197555 18197555 G/A 1
1 120157117 120157117 C/T 1
19 18200402 18200402 T/C 1
2 72492339 72492339 C/G 1
1 153984731 153984731 G/T 1
2 72379842 72379842 G/A 1
3 129274954 129274954 G/T 1
6 637710 637710 C/T 1
3 167825265 167825265 G/A 1
1 108758547 108758547 C/G 1
10 5785944 5785944 C/G 1
10 5785945 5785945 T/G 1
19 47514855 47514855 G/C 1
19 11335491 11335491 C/T 1
14 103130002 103130002 G/A 1
9 136475923 136475923 G/A 1
5 58851284 58851284 C/G 1
20 48989309 48989309 G/A 1
9 136447285 136447285 G/T 1
3 10319189 10319189 T/C 1
19 47503408 47503408 G/C 1
8 67266885 67266885 T/C 1
9 136466451 136466451 C/T 1
2 72179417 72179417 C/T 1
9 127666205 127666205 C/T 1
22 30503679 30503679 C/T 1
14 39039093 39039093 G/A 1
3 129275232 129275232 C/T 1
X 154439728 154439728 G/A 1
9 136477177 136477177 T/G 1
20 10293209 10293209 T/C 1
20 10284727 10284727 A/G 1
5 173144579 173144579 T/G 1
17 77205334 77205334 G/C 1
