9 127497253 127497253 G/A 1
7 128791531 128791531 G/A 1
9 37357005 37357005 T/G 1
9 34241618 34241618 A/G 1
10 97738539 97738539 C/T 1
17 81693655 81693655 T/C 1
8 86452576 86452576 G/A 1
1 52359805 52359805 G/A 1
14 57233880 57233880 C/T 1
2 3192426 3192426 C/T 1
1 52360432 52360432 C/T 1
1 35192804 35192819 CGGCTGCTGCGGCGGT/C 1
19 6495597 6495597 G/A 1
8 86398593 86398593 A/G 1
10 93515432 93515432 G/A 1
5 83539770 83539770 T/C 1
1 231336865 231336865 T/G 1
7 128815780 128815780 A/T 1
9 127479900 127479900 A/G 1
2 72498550 72498550 A/G 1
5 83520540 83520540 A/C 1
6 142166272 142166275 ACTC/A 1
5 83537549 83537549 A/G 1
22 18121480 18121480 G/A 1
9 37304239 37304239 T/G 1
20 33853545 33853545 G/A 1
10 93519725 93519725 G/A 1
9 137614096 137614096 T/C 1
17 42130468 42130468 C/T 1
1 52356384 52356384 C/T 1
11 65096282 65096282 C/T 1
17 81701575 81701575 C/T 1
2 32063842 32063842 C/G 1
7 134064365 134064365 C/T 1
2 69507504 69507504 G/A 1
20 34413871 34413871 G/A 1
2 55027159 55027159 C/T 1
19 17423607 17423607 A/G 1
2 32063962 32063962 C/T 1
10 5393720 5393720 G/C 1
9 127479975 127479975 A/G 1
13 36304367 36304367 A/T 1
10 47077 47077 C/T 1
3 122568928 122568928 C/T 1
5 83542028 83542028 G/A 1
12 64497027 64497027 G/T 1
11 65109918 65109918 G/A 1
7 73671199 73671199 C/A 1
16 69321097 69321097 G/A 1
17 81700475 81700475 A/G 1
13 52436331 52436331 A/C 1
11 111937513 111937513 T/G 1
8 86448474 86448474 A/G 1
12 124913290 124913290 G/A 1
17 5363006 5363006 C/T 1
9 127495982 127495982 C/A 1
17 19648999 19648999 C/G 1
2 3208759 3208759 C/T 1
2 3208750 3208750 A/G 1
7 30054736 30054736 G/A 1
2 3274392 3274392 G/A 1
1 52361117 52361117 C/T 1
17 81693565 81693565 T/C 1
7 128801438 128801438 G/A 1
6 47606257 47606257 C/T 1
17 76088794 76088794 G/C 1
13 36335239 36335239 C/A 1
3 47411282 47411282 C/T 1
13 19174023 19174023 A/T 1
10 48804 48804 C/T 1
6 47577102 47577102 A/T 1
2 73830993 73830993 T/C 1
4 55896772 55896772 G/A 1
2 55025501 55025501 T/G 1
17 81701538 81701538 C/G 1
12 56128371 56128371 T/C 1
11 65097043 65097043 G/A 1
17 81701313 81701313 G/A 1
10 17708858 17708858 C/T 1
2 219271662 219271662 T/C 1
11 111995524 111995524 G/T 1
17 42130583 42130583 A/G 1
15 55852431 55852431 G/A 1
16 89933617 89933617 A/G 1
8 86398359 86398359 C/A 1
3 47407332 47407332 C/G 1
3 47411423 47411423 C/T 1
19 40371688 40371688 G/A 1
19 40366634 40366634 G/A 1
5 83520081 83520081 C/T 1
17 19671769 19671769 T/C 1
