17 81688722 81688722 G/A 1
17 81693579 81693579 C/G 1
15 55869581 55869581 C/G 1
15 55916624 55916624 C/G 1
5 83512208 83512208 C/T 1
5 83537607 83537607 A/G 1
7 128801438 128801438 G/A 1
7 128812137 128812137 G/C 1
5 83520540 83520540 A/C 1
5 83538822 83538822 A/G 1
5 272748 272748 G/C 1
5 272755 272755 A/G 1
2 55027191 55027191 G/A 1
2 55049807 55049807 G/A 1
7 128804667 128804667 C/T 1
7 128815780 128815780 A/T 1
5 83519549 83519549 A/G 1
5 83519706 83519706 C/T 1
5 83520972 83520972 C/T 1
5 83541015 83541015 C/A 1
5 83541939 83541939 C/A 1
19 54174331 54174331 G/A 1
19 54180975 54180975 G/A 1
3 47405983 47405983 C/A 1
3 47413127 47413127 G/A 1
5 83521680 83521680 G/T 1
5 83537170 83537173 TGAA/T 1
16 11549687 11549687 G/C 1
16 11633556 11633556 C/T 1
9 137614644 137614644 G/A 1
9 137614671 137614671 C/T 1
10 17684730 17684730 G/A 1
10 17705690 17705690 G/C 1
5 83519460 83519460 T/C 1
5 83538072 83538072 A/G 1
12 49228108 49228108 C/T 1
12 49272901 49272901 C/A 1
8 86380751 86380754 AAAG/A 1
8 86402111 86402111 A/G 1
17 81695213 81695213 C/T 1
17 81696450 81696450 G/A 1
11 65108715 65108715 G/A 1
11 65110506 65110506 G/A 1
17 81693565 81693565 T/G 1
17 81693655 81693655 T/C 1
1 35192239 35192242 TCTC/T 1
1 35192593 35192593 G/A 1
5 83490248 83490248 A/G 1
3 47411007 47411007 G/A 1
17 42773935 42773935 C/T 1
17 42773941 42773941 C/T 1
3 47409036 47409036 G/A 1
3 47410173 47410173 C/T 1
7 128806841 128806841 A/G 1
7 128807375 128807375 G/A 1
15 50477365 50477365 A/G 1
15 50499065 50499065 C/T 1
8 17274762 17274762 C/T 1
8 17284492 17284492 T/G 1
10 5395467 5395467 G/A 1
10 5400888 5400888 T/C 1
15 55852431 55852431 G/A 1
15 55916002 55916002 C/T 1
2 72179342 72179342 T/C 1
2 72465302 72465302 T/C 1
2 72718176 72718176 A/G 1
17 19648999 19648999 C/G 1
17 19671783 19671783 C/T 1
10 5394134 5394134 C/T 1
10 5395451 5395451 C/G 1
10 5400988 5400988 C/T 1
17 19663370 19663370 G/C 1
17 19663413 19663413 C/G 1
6 47579473 47579473 T/A 1
6 47607963 47607966 AAAG/A 1
7 133356512 133356512 A/T 1
7 133356565 133356565 C/A 1
3 47409268 47409268 A/G 1
3 47410849 47410849 G/C 1
1 231335790 231335790 C/G 1
1 231336791 231336791 C/G 1
2 55025218 55025218 G/C 1
2 55025278 55025278 T/G 1
15 50465139 50465139 G/A 1
15 50481592 50481592 C/T 1
3 47407315 47407315 C/T 1
18 12308317 12308317 G/T 1
18 12308318 12308318 C/T 1
5 83520662 83520662 G/A 1
5 83539679 83539679 C/T 1
9 127481194 127481194 G/T 1
9 127495979 127495979 C/T 1
3 47406724 47406724 G/A 1
3 47412126 47412126 G/A 1
15 50497165 50497165 G/A 1
9 127473887 127473887 G/A 1
9 127479900 127479900 A/G 1
5 83520584 83520584 C/A 1
20 34413871 34413871 G/A 1
20 34417189 34417189 C/T 1
18 20984409 20984409 T/C 1
18 21110904 21110904 T/C 1
14 57210060 57210060 T/C 1
14 57219412 57219412 T/A 1
17 5283946 5283946 C/G 1
17 5363006 5363006 C/T 1
9 127502838 127502838 G/A 1
15 55840472 55840472 A/G 1
5 83539539 83539539 A/T 1
5 83540896 83540896 A/T 1
5 83519705 83519705 T/A 1
5 83540840 83540843 AATG/A 1
5 83537217 83537217 C/T 1
5 83541324 83541324 T/C 1
6 142147394 142147394 A/G 1
6 142166234 142166234 T/G 1
12 55955827 55955827 G/A 1
12 55956211 55956211 C/T 1
17 5361478 5361478 T/A 1
14 23562345 23562345 C/T 1
14 23563604 23563604 T/C 1
19 17422446 17422446 A/G 1
19 17424946 17424946 G/A 1
20 59023753 59023753 G/A 1
20 59024080 59024080 C/T 1
5 83520465 83520465 T/C 1
5 83520848 83520848 G/A 1
2 130196149 130196149 C/A 1
2 130196250 130196250 A/G 1
9 127462293 127462293 C/T 1
5 83538581 83538581 A/G 1
2 55027159 55027159 C/T 1
2 55050029 55050029 C/T 1
15 55850600 55850600 C/T 1
9 127467797 127467797 G/A 1
9 127495339 127495339 G/T 1
3 47405924 47405924 G/T 1
3 47411882 47411882 G/A 1
3 47410464 47410464 C/T 1
3 47411343 47411343 G/A 1
12 56130858 56130858 C/T 1
12 56131086 56131086 A/T 1
2 69480889 69480889 T/C 1
2 69544457 69544457 T/C 1
2 32063962 32063962 C/T 1
2 32115709 32115709 C/T 1
2 63981777 63981777 C/G 1
2 63983976 63983979 TGAA/T 1
3 47408385 47408385 G/A 1
2 69507504 69507504 G/A 1
2 69519207 69519207 A/G 1
17 81693568 81693568 C/A 1
17 81695012 81695012 C/T 1
2 69496038 69496038 G/A 1
2 69507529 69507529 C/T 1
13 36326691 36326691 T/C 1
13 36335146 36335146 G/C 1
4 55892704 55892704 T/C 1
4 55896772 55896772 G/A 1
17 8207228 8207231 CCTT/C 1
17 8207738 8207738 C/T 1
16 69888225 69888225 A/G 1
16 69939398 69939398 C/G 1
20 59022896 59022896 C/T 1
20 59024148 59024148 C/T 1
15 55856139 55856139 G/A 1
2 55049759 55049759 G/A 1
2 55049829 55049829 C/G 1
10 93515448 93515448 G/A 1
15 90476725 90476725 G/A 1
15 90477209 90477209 C/T 1
1 52357002 52357002 T/A 1
1 52357594 52357594 G/A 1
5 83519829 83519829 T/A 1
5 83539770 83539770 T/C 1
12 56137228 56137228 T/G 1
12 56138934 56138934 C/G 1
19 17423731 17423731 G/T 1
9 127485736 127485736 C/A 1
9 127501019 127501019 C/T 1
2 55049763 55049763 C/T 1
14 23562023 23562023 C/T 1
14 23564094 23564094 C/T 1
2 32114787 32114787 G/A 1
7 128792392 128792392 G/T 1
16 69888060 69888060 C/G 1
16 69935870 69935870 G/T 1
3 47407334 47407334 C/T 1
3 47407340 47407340 G/A 1
3 47404754 47404754 C/G 1
3 47408486 47408486 G/T 1
19 40371845 40371845 A/G 1
19 40376641 40376641 G/A 1
5 83521580 83521580 A/G 1
5 83539484 83539484 A/G 1
2 3192541 3192541 C/G 1
2 3208759 3208759 C/T 1
2 222908990 222908990 G/A 1
2 222930722 222930722 G/A 1
5 83493674 83493674 G/A 1
5 456891 456891 C/T 1
5 464443 464443 C/T 1
16 89933617 89933617 A/G 1
16 89933650 89933650 G/A 1
9 127459034 127459034 C/T 1
9 127495321 127495321 C/T 1
2 54973169 54973169 C/T 1
3 47406749 47406749 G/A 1
3 47410875 47410875 C/G 1
17 42130468 42130468 C/T 1
17 42130537 42130537 G/A 1
2 130192015 130192015 C/T 1
10 93500121 93500121 G/A 1
10 93528116 93528116 G/A 1
14 57232686 57232686 G/T 1
14 57232687 57232687 A/T 1
3 47410429 47410432 T/TCAC 1
3 47410431 47410431 G/A 1
7 128810230 128810230 A/G 1
7 128814810 128814810 G/A 1
7 133997525 133997525 C/T 1
7 134064365 134064365 C/T 1
18 63410412 63410412 G/C 1
18 63411566 63411566 G/C 1
15 55834252 55834252 T/C 1
