3 47411141 47411141 G/A 1
2 152135509 152135509 C/T 1
6 489041 489045 G/GAAAC 1
2 3274381 3274381 G/A 1
8 17274803 17274803 C/T 1
12 55955777 55955777 A/G 1
12 56138019 56138019 T/A 1
2 63919876 63919876 C/T 1
15 65093174 65093174 G/A 1
10 5394460 5394460 G/A 1
1 201718753 201718753 C/T 1
2 3208929 3208929 G/A 1
5 454027 454027 C/T 1
3 33844154 33844154 T/G 1
17 16027385 16027385 C/T 1
15 55860399 55860399 C/T 1
15 90390776 90390776 G/A 1
19 58552445 58552445 A/C 1
14 57233864 57233864 T/G 1
19 4361795 4361795 C/T 1
6 599225 599225 C/T 1
17 76084513 76084513 C/T 1
12 64452186 64452186 G/A 1
17 48937273 48937273 G/A 1
6 33270287 33270287 G/A 1
12 49272568 49272568 A/G 1
11 111964549 111964549 C/A 1
13 19173950 19173950 G/T 1
17 16381466 16381467 GT/G 1
12 49228131 49228131 A/C 1
15 90477736 90477736 A/G 1
8 86430758 86430758 T/G 1
1 52359779 52359781 ACT/A 1
6 47579487 47579487 C/T 1
15 90482266 90482266 G/T 1
15 90433803 90433803 A/G 1
16 69322673 69322675 CAA/C 1
15 90473927 90473927 G/A 1
9 126503172 126503172 T/C 1
17 8207579 8207579 G/T 1
1 201629508 201629508 G/A 1
15 55841955 55841955 C/T 1
4 70802966 70802966 C/T 1
8 144425055 144425055 G/C 1
15 55916002 55916002 C/T 1
8 17276454 17276454 C/A 1
3 47409258 47409258 C/T 1
20 33851064 33851064 G/C 1
17 42125906 42125906 G/A 1
15 55852452 55852452 G/A 1
3 47410557 47410557 C/T 1
16 71923330 71923330 C/A 1
9 126484031 126484031 A/T 1
12 56142280 56142280 C/T 1
2 63899584 63899584 G/T 1
17 63754426 63754426 T/C 1
8 17274737 17274737 T/C 1
2 99171388 99171388 T/G 1
19 6496445 6496445 C/T 1
15 50481476 50481476 T/C 1
5 314438 314438 C/T 1
18 63407483 63407483 C/G 1
3 47407787 47407787 C/T 1
7 128811792 128811792 G/T 1
19 54178910 54178910 A/C 1
7 93291827 93291827 C/T 1
13 19173949 19173949 C/A 1
2 222934693 222934697 T/TATTC 1
2 73860055 73860057 T/TTA 1
2 73860066 73860067 A/AG 1
1 35188056 35188056 T/A 1
15 55848427 55848427 A/C 1
17 16000237 16000237 C/G 1
19 58554243 58554243 C/T 1
7 93291839 93291839 G/A 1
17 661893 661893 C/A 1
7 93271266 93271266 A/G 1
17 19663370 19663370 G/C 1
7 93291820 93291820 A/G 1
19 54183677 54183677 C/T 1
17 562675 562675 C/T 1
16 69935986 69935986 A/G 1
6 497429 497437 A/AAACTGCTT 1
6 33788611 33788611 G/A 1
14 57235705 57235705 A/G 1
11 111995109 111995109 G/A 1
19 54174066 54174066 G/A 1
20 59022952 59022952 C/T 1
16 69799260 69799260 A/G 1
17 76086140 76086140 T/C 1
19 40366689 40366689 G/C 1
12 49269675 49269675 C/T 1
16 69320297 69320297 C/G 1
9 137241828 137241828 C/T 1
2 152133240 152133241 C/CA 1
19 58554988 58554988 C/T 1
18 21110855 21110855 C/T 1
17 48937065 48937065 C/T 1
11 65096652 65096652 T/C 1
4 70802949 70802949 A/G 1
10 92934375 92934375 A/G 1
2 72559525 72559525 C/A 1
17 76085753 76085753 T/G 1
14 23563809 23563809 C/T 1
17 80998427 80998427 C/T 1
5 272748 272748 G/C 1
5 272755 272755 A/G 1
15 50449447 50449447 C/G 1
14 24213532 24213532 C/A 1
15 90492538 90492538 G/A 1
17 80997322 80997323 AG/A 1
16 11549585 11549585 A/T 1
9 137613002 137613002 C/A 1
2 222934570 222934570 A/G 1
17 8205011 8205011 C/T 1
7 93341430 93341430 G/T 1
3 33844107 33844107 T/C 1
17 16025127 16025127 G/T 1
15 90453220 90453220 T/G 1
17 8206936 8206936 T/G 1
18 12325088 12325088 A/G 1
16 89933617 89933617 A/G 1
1 35190696 35190696 C/T 1
17 80997343 80997343 T/C 1
17 80997345 80997345 A/G 1
17 80997346 80997346 C/T 1
17 80997349 80997349 C/G 1
4 70705294 70705294 C/A 1
2 148998397 148998397 C/T 1
17 48944678 48944678 C/T 1
15 50432337 50432337 G/A 1
17 8207589 8207589 C/T 1
10 17705031 17705031 G/C 1
17 80997071 80997071 G/A 1
2 3377649 3377650 TG/T 1
3 47409025 47409025 G/A 1
11 111992417 111992417 T/A 1
4 70791292 70791292 C/G 1
17 48936230 48936230 A/T 1
16 71922573 71922573 A/C 1
5 465732 465732 C/A 1
17 697443 697443 G/A 1
15 65102639 65102639 C/T 1
8 144423973 144423973 C/A 1
1 201788489 201788489 C/T 1
