10 94669341 94669341 A/G 1
10 94715366 94715366 C/A 1
9 140507935 140507935 A/G 1
9 140509535 140509535 C/T 1
8 17137658 17137658 C/G 1
8 17137917 17137917 G/A 1
5 82833426 82833426 A/G 1
5 82837788 82837788 G/T 1
5 82786003 82786003 C/T 1
1 201618274 201618274 C/A 1
1 201786330 201786330 G/A 1
16 89985733 89985733 C/T 1
16 89985950 89985950 C/T 1
9 37126672 37126672 A/G 1
9 37304236 37304236 T/G 1
3 47451992 47451992 A/C 1
3 47451998 47451998 G/C 1
3 47452013 47452013 T/C 1
9 37126657 37126657 G/C 1
9 37356913 37356913 T/C 1
15 56140587 56140587 C/T 1
15 56144629 56144629 G/A 1
17 47011894 47011894 A/T 1
17 47014427 47014427 C/T 1
13 19748092 19748092 G/A 1
13 19751746 19751746 G/A 1
10 5436097 5436097 C/T 1
10 5437414 5437414 C/G 1
12 56522122 56522122 G/A 1
12 56527641 56527641 G/A 1
2 223789292 223789292 G/A 1
2 223789309 223789309 G/A 1
4 56744099 56744099 C/T 1
4 56758865 56758865 C/A 1
