17 77213973 77213973 G/A 1
17 82664554 82664554 T/G 1
9 136447674 136447674 C/T 1
16 67184488 67184488 C/T 1
11 61907614 61907614 C/T 1
14 57233880 57233880 C/T 1
16 67189049 67189049 G/A 1
2 72498550 72498550 A/G 1
20 18560730 18560730 G/A 1
15 42512955 42512955 T/G 1
22 30398789 30398789 A/T 1
7 134064365 134064365 C/T 1
7 130508638 130508638 G/T 1
16 67188879 67188879 A/G 1
12 69756488 69756488 A/G 1
5 58617820 58617820 A/C 1
12 69794456 69794456 G/C 1
17 77212179 77212179 G/A 1
1 108782433 108782433 A/G 1
X 154438250 154438250 C/T 1
9 136476438 136476438 C/T 1
2 27134355 27134355 G/A 1
4 55896772 55896772 G/A 1
17 82657900 82657900 G/C 1
3 167790453 167790453 C/T 1
9 136476197 136476197 A/C 1
16 67189100 67189100 G/A 1
8 67216622 67216622 G/A 1
8 67203227 67203227 G/A 1
22 30464882 30464882 C/T 1
22 30461366 30461366 T/C 1
X 154438233 154438233 G/C 1
15 42528398 42528398 G/A 1
20 18525871 18525871 A/G 1
9 136476155 136476155 G/C 1
