7 133937893 133937893 C/A 1
16 89934729 89934729 G/T 1
16 69320768 69320768 A/T 1
2 32114753 32114754 AC/A 1
12 89624257 89624261 C/CTTTT 1
12 89624258 89624262 TCCAA/T 1
12 55961431 55961432 C/CA 1
17 16024481 16024481 A/T 1
9 33271227 33271227 A/T 1
3 47407500 47407500 C/G 1
9 126381101 126381101 G/A 1
9 26926558 26926558 G/A 1
9 34250763 34250763 G/A 1
18 20970517 20970517 C/T 1
5 271695 271695 C/T 1
18 21045465 21045465 A/C 1
1 201811743 201811743 C/A 1
6 142169667 142169667 C/T 1
12 56142902 56142902 C/T 1
14 23567237 23567237 C/G 1
16 69871937 69871938 TG/T 1
20 34393864 34393864 C/G 1
