9 137243122 137243122 G/A 1
7 133937893 133937893 C/A 1
16 89934729 89934729 G/T 1
2 219250581 219250581 C/T 1
17 8210205 8210205 G/C 1
17 8210206 8210206 A/T 1
2 63914201 63914201 C/T 1
10 17688088 17688088 A/G 1
6 3154678 3154678 C/A 1
12 124913191 124913191 C/A 1
2 72492339 72492339 C/G 1
16 69320768 69320768 A/T 1
2 32063842 32063842 C/T 1
3 47410356 47410356 C/T 1
10 47823 47823 T/C 1
2 149010193 149010193 G/A 1
2 72379842 72379842 G/A 1
12 49269678 49269678 A/G 1
6 637710 637710 C/T 1
2 32127000 32127000 C/G 1
1 201788518 201788518 C/G 1
17 517565 517565 G/A 1
9 137614055 137614058 CAAG/C 1
9 126381101 126381101 G/A 1
12 49185725 49185725 C/A 1
6 33251547 33251547 T/C 1
17 19671747 19671747 G/A 1
9 26926558 26926558 G/A 1
10 48653 48653 G/A 1
5 83538243 83538243 C/T 1
12 49186391 49186394 ATCT/A 1
12 49128718 49128718 T/C 1
17 19663446 19663446 A/G 1
2 32136895 32136895 T/G 1
6 3154029 3154029 C/T 1
1 52362614 52362614 G/A 1
12 49185096 49185096 C/T 1
2 72179417 72179417 C/T 1
10 48065 48065 G/A 1
10 48066 48066 C/A 1
1 201811743 201811743 C/A 1
12 49185197 49185197 C/T 1
6 3227539 3227539 C/A 1
6 142169667 142169667 C/T 1
6 47533707 47533707 C/G 1
2 55234229 55234229 C/G 1
20 33848544 33848544 G/A 1
12 56142902 56142902 C/T 1
14 23567237 23567237 C/G 1
16 69319539 69319539 G/A 1
12 124913513 124913513 T/C 1
3 47410035 47410035 G/A 1
20 34393864 34393864 C/G 1
