2 3338009 3338009 G/A 1
9 127497253 127497253 G/A 1
2 73860156 73860156 G/T 1
15 55952648 55952648 C/T 1
17 81696600 81696600 C/T 1
12 55958059 55958060 G/GC 1
17 81693655 81693655 T/C 1
18 21039464 21039464 A/G 1
2 55232877 55232877 G/A 1
10 97757314 97757314 G/A 1
2 72498550 72498550 A/G 1
22 18121480 18121480 G/A 1
15 65099703 65099704 CG/C 1
20 33853545 33853545 G/A 1
15 90491549 90491549 C/T 1
8 17247372 17247372 G/A 1
1 52356384 52356384 C/T 1
3 33812063 33812064 AT/A 1
19 18008586 18008587 T/TA 1
10 48800 48800 T/G 1
19 40369903 40369903 C/T 1
14 23565699 23565699 C/T 1
17 42125906 42125906 G/A 1
10 73966 73966 C/T 1
10 73969 73969 T/C 1
9 127479979 127479979 G/T 1
17 19648999 19648999 C/G 1
16 69322638 69322639 GC/G 1
13 36335239 36335239 C/A 1
11 18516168 18516168 A/G 1
10 48804 48804 C/T 1
6 47577102 47577102 A/T 1
17 8206493 8206493 C/T 1
17 81701538 81701538 C/G 1
9 37302189 37302189 A/G 1
2 149023080 149023080 A/C 1
2 148950466 148950466 C/T 1
2 72741303 72741303 C/G 1
17 80994573 80994575 CTT/C 1
12 55728791 55728791 C/T 1
